wA1A2
28.82  48.99
328496.3082 4161461.9373
328496.4074 4161461.9224
328496.5054 4161461.9052
328496.6037 4161461.8909
328496.7021 4161461.8768
328496.8004 4161461.8629
328496.8987 4161461.8492
328496.9966 4161461.8428
328497.0948 4161461.8418
328497.1929 4161461.8451
328497.2911 4161461.8527
328497.3906 4161461.8628
328497.4894 4161461.8677
328497.5882 4161461.8716
328497.6856 4161461.8728
328497.7835 4161461.8779
328497.8815 4161461.8844
328497.9794 4161461.8922
328498.0743 4161461.9067
328498.1705 4161461.9089
328498.2668 4161461.9053
328498.3631 4161461.8960
328498.4630 4161461.8811
328498.5611 4161461.8788
328498.6591 4161461.8811
328498.7572 4161461.8879
328498.8575 4161461.8953
328498.9566 4161461.8974
328499.0557 4161461.8974
328499.1548 4161461.8952
328499.2529 4161461.8939
328499.3512 4161461.9004
328499.4495 4161461.9111
328499.5479 4161461.9262
328499.6462 4161461.9456
328499.7457 4161461.9438
328499.8443 4161461.9410
328499.9429 4161461.9322
328500.0415 4161461.9175
328500.1421 4161461.9106
328500.2414 4161461.9060
328500.3408 4161461.9030
328500.4401 4161461.9016
328500.5400 4161461.9021
328500.6396 4161461.9036
328500.7391 4161461.9061
328500.8387 4161461.9097
328500.9383 4161461.9143
328501.0367 4161461.9080
328501.1359 4161461.9091
328501.2350 4161461.9104
328501.3337 4161461.9067
328501.4326 4161461.9042
328501.5315 4161461.9001
328501.6304 4161461.8944
328501.7293 4161461.8870
328501.8299 4161461.8906
328501.9294 4161461.8954
328502.0289 4161461.9031
328502.1280 4161461.9098
328502.2273 4161461.9163
328502.3265 4161461.9223
328502.4258 4161461.9278
328502.5257 4161461.9339
328502.6253 4161461.9399
328502.7249 4161461.9458
328502.8245 4161461.9518
328502.9245 4161461.9507
328503.0243 4161461.9533
328503.1240 4161461.9559
328503.2238 4161461.9583
328503.3236 4161461.9605
328503.4234 4161461.9616
328503.5232 4161461.9603
328503.6229 4161461.9572
328503.7227 4161461.9525
328503.8224 4161461.9459
328503.9215 4161461.9421
328504.0209 4161461.9412
328504.1204 4161461.9419
328504.2199 4161461.9442
328504.3195 4161461.9467
328504.4190 4161461.9440
328504.5185 4161461.9390
328504.6180 4161461.9315
328504.7175 4161461.9216
328504.8167 4161461.9236
328504.9160 4161461.9198
328505.0153 4161461.9165
328505.1146 4161461.9136
328505.2134 4161461.9024
328505.3124 4161461.8926
328505.4114 4161461.8824
328505.5104 4161461.8719
328505.6094 4161461.8610
328505.7092 4161461.8553
328505.8084 4161461.8448
328505.9076 4161461.8338
328506.0069 4161461.8222
328506.1058 4161461.8045
328506.2048 4161461.7911
328506.3038 4161461.7785
328506.4029 4161461.7666
328506.5019 4161461.7556
328506.6025 4161461.7551
328506.7021 4161461.7485
328506.8017 4161461.7426
328506.9012 4161461.7373
328507.0008 4161461.7327
328507.1007 4161461.7301
328507.2003 4161461.7268
328507.2999 4161461.7245
328507.3996 4161461.7229
328507.4992 4161461.7215
328507.5988 4161461.7158
328507.6984 4161461.7083
328507.7980 4161461.6989
328507.8963 4161461.6942
328507.9952 4161461.6883
328508.0941 4161461.6827
328508.1930 4161461.6777
328508.2919 4161461.6730
328508.3915 4161461.6635
328508.4907 4161461.6578
328508.5899 4161461.6526
328508.6891 4161461.6478
328508.7884 4161461.6379
328508.8877 4161461.6314
328508.9869 4161461.6249
328509.0861 4161461.6184
328509.1854 4161461.6119
328509.2856 4161461.6124
328509.3852 4161461.6111
328509.4848 4161461.6107
328509.5843 4161461.6114
328509.6839 4161461.6130
328509.7840 4161461.6100
328509.8837 4161461.6110
328509.9834 4161461.6126
328510.0830 4161461.6148
328510.1827 4161461.6176
328510.2772 4161461.6000
328510.3755 4161461.5976
328510.4737 4161461.5953
328510.5720 4161461.5932
328510.6702 4161461.5913
328510.7707 4161461.5939
328510.8699 4161461.5869
328510.9692 4161461.5767
328511.0685 4161461.5634
328511.1670 4161461.5522
328511.2659 4161461.5429
328511.3648 4161461.5353
328511.4636 4161461.5294
328511.5625 4161461.5252
328511.6624 4161461.5203
328511.7617 4161461.5164
328511.8610 4161461.5138
328511.9603 4161461.5123
328512.0596 4161461.5121
328512.1594 4161461.5038
328512.2589 4161461.5013
328512.3584 4161461.4994
328512.4579 4161461.4983
328512.5573 4161461.4952
328512.6568 4161461.4931
328512.7563 4161461.4905
328512.8558 4161461.4875
328512.9552 4161461.4840
328513.0550 4161461.4837
328513.1546 4161461.4809
328513.2542 4161461.4773
328513.3538 4161461.4732
328513.4535 4161461.4684
328513.5532 4161461.4645
328513.6529 4161461.4627
328513.7527 4161461.4617
328513.8524 4161461.4616
328513.9521 4161461.4624
328514.0509 4161461.4663
328514.1502 4161461.4633
328514.2495 4161461.4581
328514.3488 4161461.4507
328514.4481 4161461.4412
328514.5471 4161461.4296
328514.6463 4161461.4216
328514.7454 4161461.4144
328514.8446 4161461.4078
328514.9437 4161461.4020
328515.0429 4161461.3969
328515.1423 4161461.3871
328515.2417 4161461.3804
328515.3410 4161461.3737
328515.4404 4161461.3670
328515.5398 4161461.3602
328515.6400 4161461.3599
328515.7397 4161461.3544
328515.8395 4161461.3483
328515.9393 4161461.3417
328516.0390 4161461.3346
328516.1381 4161461.3256
328516.2376 4161461.3169
328516.3371 4161461.3079
328516.4366 4161461.2985
328516.5358 4161461.2893
328516.6352 4161461.2802
328516.7346 4161461.2712
328516.8339 4161461.2622
328516.9333 4161461.2533
328517.0329 4161461.2489
328517.1322 4161461.2395
328517.2316 4161461.2295
328517.3310 4161461.2186
328517.4303 4161461.2071
328517.5281 4161461.1882
328517.6270 4161461.1759
328517.7259 4161461.1642
328517.8247 4161461.1530
328517.9236 4161461.1424
328518.0231 4161461.1339
328518.1223 4161461.1237
328518.2215 4161461.1132
328518.3206 4161461.1024
328518.4198 4161461.0913
328518.5175 4161461.0784
328518.6162 4161461.0642
328518.7148 4161461.0490
328518.8134 4161461.0328
328518.9120 4161461.0190
328519.0107 4161461.0084
328519.1093 4161461.0001
328519.2080 4161460.9942
328519.3066 4161460.9905
328519.4064 4161460.9828
328519.5056 4161460.9749
328519.6048 4161460.9664
328519.7040 4161460.9573
328519.8032 4161460.9475
328519.9024 4161460.9371
328520.0024 4161460.9327
328520.1018 4161460.9257
328520.2012 4161460.9189
328520.3006 4161460.9124
328520.3991 4161460.9025
328520.4979 4161460.8902
328520.5968 4161460.8759
328520.6957 4161460.8596
328520.7945 4161460.8412
328520.8934 4161460.8208
328520.9910 4161460.8105
328521.0895 4161460.7979
328521.1879 4161460.7866
328521.2863 4161460.7765
328521.3868 4161460.7702
328521.4863 4161460.7625
328521.5857 4161460.7555
328521.6851 4161460.7492
328521.7845 4161460.7435
328521.8835 4161460.7370
328521.9827 4161460.7289
328522.0819 4161460.7200
328522.1811 4161460.7103
328522.2802 4161460.7000
328522.3783 4161460.6858
328522.4769 4161460.6752
328522.5755 4161460.6649
328522.6742 4161460.6550
328522.7728 4161460.6454
328522.8715 4161460.6361
328522.9703 4161460.6222
328523.0691 4161460.6123
328523.1679 4161460.6025
328523.2668 4161460.5928
328523.3613 4161460.5853
328523.4580 4161460.5726
328523.5546 4161460.5577
328523.6513 4161460.5407
328523.7479 4161460.5214
328523.8446 4161460.5073
328523.9412 4161460.4932
328524.0378 4161460.4806
328524.1343 4161460.4695
328524.2309 4161460.4600
328524.3274 4161460.4521
328524.4311 4161460.4389
328524.5299 4161460.4286
328524.6286 4161460.4189
328524.7274 4161460.4099
328524.8262 4161460.4014
328524.9248 4161460.3843
328525.0234 4161460.3717
