wA1B1
  4.40   4.40
 328496.3082 4161461.9373
 328496.3211 4161462.0365
 328496.3339 4161462.1357
 328496.3468 4161462.2348
 328496.3597 4161462.3340
 328496.3725 4161462.4332
 328496.3854 4161462.5324
 328496.3982 4161462.6315
 328496.4111 4161462.7307
 328496.4239 4161462.8299
 328496.4368 4161462.9290
 328496.4497 4161463.0282
 328496.4625 4161463.1274
 328496.4754 4161463.2265
 328496.4882 4161463.3257
 328496.5011 4161463.4249
 328496.5139 4161463.5241
 328496.5268 4161463.6232
 328496.5397 4161463.7224
 328496.5525 4161463.8216
 328496.5654 4161463.9207
 328496.5782 4161464.0199
 328496.5911 4161464.1191
 328496.6039 4161464.2182
 328496.6168 4161464.3174
 328496.6296 4161464.4166
 328496.6425 4161464.5158
 328496.6554 4161464.6149
 328496.6682 4161464.7141
 328496.6811 4161464.8133
 328496.6939 4161464.9124
 328496.7068 4161465.0116
 328496.7196 4161465.1108
 328496.7325 4161465.2100
 328496.7454 4161465.3091
 328496.7582 4161465.4083
 328496.7711 4161465.5075
 328496.7839 4161465.6066
 328496.7968 4161465.7058
 328496.8096 4161465.8050
 328496.8225 4161465.9041
 328496.8354 4161466.0033
 328496.8482 4161466.1025
 328496.8611 4161466.2017
 328496.8739 4161466.3008
