wA2A3
 47.35  80.49
 328525.0234 4161460.3717
 328525.1221 4161460.3589
 328525.2208 4161460.3459
 328525.3195 4161460.3328
 328525.4181 4161460.3194
 328525.5176 4161460.3084
 328525.6165 4161460.2957
 328525.7155 4161460.2825
 328525.8145 4161460.2690
 328525.9135 4161460.2551
 328526.0125 4161460.2407
 328526.1102 4161460.2322
 328526.2087 4161460.2200
 328526.3072 4161460.2078
 328526.4057 4161460.1957
 328526.5042 4161460.1836
 328526.6027 4161460.1715
 328526.7020 4161460.1591
 328526.8006 4161460.1470
 328526.8993 4161460.1352
 328526.9979 4161460.1235
 328527.0966 4161460.1119
 328527.1962 4161460.0992
 328527.2952 4161460.0875
 328527.3942 4161460.0758
 328527.4932 4161460.0640
 328527.5921 4161460.0522
 328527.6911 4161460.0404
 328527.7906 4161460.0312
 328527.8898 4161460.0202
 328527.9890 4161460.0090
 328528.0882 4161459.9976
 328528.1874 4161459.9860
 328528.2866 4161459.9757
 328528.3858 4161459.9646
 328528.4850 4161459.9532
 328528.5842 4161459.9417
 328528.6833 4161459.9299
 328528.7825 4161459.9180
 328528.8803 4161459.9006
 328528.9790 4161459.8870
 328529.0778 4161459.8731
 328529.1765 4161459.8591
 328529.2752 4161459.8450
 328529.3747 4161459.8323
 328529.4738 4161459.8215
 328529.5729 4161459.8115
 328529.6721 4161459.8023
 328529.7712 4161459.7941
 328529.8703 4161459.7867
 328529.9683 4161459.7689
 328530.0671 4161459.7565
 328530.1659 4161459.7434
 328530.2647 4161459.7297
 328530.3635 4161459.7155
 328530.4615 4161459.6993
 328530.5601 4161459.6862
 328530.6587 4161459.6733
 328530.7573 4161459.6608
 328530.8559 4161459.6486
 328530.9545 4161459.6368
 328531.0540 4161459.6276
 328531.1528 4161459.6180
 328531.2517 4161459.6092
 328531.3505 4161459.6011
 328531.4494 4161459.5937
 328531.5482 4161459.5871
 328531.6475 4161459.5738
 328531.7464 4161459.5634
 328531.8454 4161459.5526
 328531.9443 4161459.5415
 328532.0432 4161459.5300
 328532.1421 4161459.5182
 328532.2405 4161459.5016
 328532.3393 4161459.4899
 328532.4381 4161459.4784
 328532.5369 4161459.4671
 328532.6357 4161459.4560
 328532.7345 4161459.4452
 328532.8338 4161459.4375
 328532.9329 4161459.4278
 328533.0319 4161459.4176
 328533.1309 4161459.4071
 328533.2300 4161459.3963
 328533.3290 4161459.3851
 328533.4274 4161459.3733
 328533.5262 4161459.3637
 328533.6250 4161459.3545
 328533.7238 4161459.3458
 328533.8225 4161459.3376
 328533.9213 4161459.3298
 328534.0146 4161459.3071
 328534.1119 4161459.2943
 328534.2091 4161459.2811
 328534.3064 4161459.2675
 328534.4036 4161459.2536
 328534.5009 4161459.2393
 328534.6020 4161459.2347
 328534.7012 4161459.2251
 328534.8005 4161459.2154
 328534.8997 4161459.2053
 328534.9990 4161459.1951
 328535.0982 4161459.1846
 328535.1976 4161459.1712
 328535.2968 4161459.1612
 328535.3961 4161459.1519
 328535.4953 4161459.1433
 328535.5945 4161459.1353
 328535.6937 4161459.1281
 328535.7930 4161459.1215
 328535.8924 4161459.1137
 328535.9917 4161459.1046
 328536.0909 4161459.0950
 328536.1901 4161459.0848
 328536.2894 4161459.0742
 328536.3886 4161459.0631
 328536.4868 4161459.0519
 328536.5856 4161459.0381
 328536.6844 4161459.0233
 328536.7831 4161459.0076
 328536.8819 4161458.9910
 328536.9807 4161458.9734
 328537.0791 4161458.9608
 328537.1777 4161458.9448
 328537.2763 4161458.9288
 328537.3748 4161458.9128
 328537.4734 4161458.8969
 328537.5719 4161458.8808
 328537.6698 4161458.8600
 328537.7682 4161458.8447
 328537.8665 4161458.8303
 328537.9649 4161458.8167
 328538.0632 4161458.8039
 328538.1611 4161458.7876
 328538.2594 4161458.7722
 328538.3577 4161458.7558
 328538.4560 4161458.7386
 328538.5543 4161458.7205
 328538.6526 4161458.7014
 328538.7519 4161458.6941
 328538.8505 4161458.6793
 328538.9492 4161458.6643
 328539.0478 4161458.6492
 328539.1465 4161458.6339
 328539.2451 4161458.6184
 328539.3459 4161458.6151
 328539.4450 4161458.6052
 328539.5442 4161458.5964
 328539.6434 4161458.5888
 328539.7425 4161458.5823
 328539.8417 4161458.5770
 328539.9404 4161458.5526
 328540.0394 4161458.5396
 328540.1384 4161458.5263
 328540.2374 4161458.5127
 328540.3364 4161458.4989
 328540.4351 4161458.4858
 328540.5341 4161458.4736
 328540.6331 4161458.4614
 328540.7321 4161458.4492
 328540.8312 4161458.4371
 328540.9302 4161458.4250
 328541.0284 4161458.4128
 328541.1271 4161458.3993
 328541.2258 4161458.3849
 328541.3245 4161458.3698
 328541.4232 4161458.3540
 328541.5219 4161458.3373
 328541.6214 4161458.3300
 328541.7204 4161458.3186
 328541.8193 4161458.3077
 328541.9182 4161458.2975
 328542.0172 4161458.2878
 328542.1161 4161458.2788
 328542.2165 4161458.2701
 328542.3159 4161458.2618
 328542.4153 4161458.2541
 328542.5147 4161458.2472
 328542.6142 4161458.2409
 328542.7136 4161458.2353
 328542.8125 4161458.2237
 328542.9119 4161458.2143
 328543.0112 4161458.2042
 328543.1105 4161458.1936
 328543.2098 4161458.1824
 328543.3092 4161458.1707
 328543.4085 4161458.1583
 328543.5067 4161458.1491
 328543.6056 4161458.1352
 328543.7046 4161458.1202
 328543.8036 4161458.1039
 328543.9025 4161458.0864
 328544.0015 4161458.0677
 328544.1006 4161458.0568
 328544.1995 4161458.0452
 328544.2984 4161458.0351
 328544.3972 4161458.0267
 328544.4961 4161458.0198
 328544.5950 4161458.0146
 328544.6941 4161458.0039
 328544.7930 4161457.9933
 328544.8919 4161457.9819
 328544.9908 4161457.9697
 328545.0897 4161457.9567
 328545.1886 4161457.9430
 328545.2884 4161457.9339
 328545.3876 4161457.9234
 328545.4868 4161457.9135
 328545.5860 4161457.9041
 328545.6853 4161457.8953
 328545.7845 4161457.8871
 328545.8837 4161457.8709
 328545.9829 4161457.8609
 328546.0822 4161457.8514
 328546.1814 4161457.8425
 328546.2806 4161457.8341
 328546.3799 4161457.8264
 328546.4791 4161457.8193
 328546.5790 4161457.8122
 328546.6785 4161457.8030
 328546.7779 4161457.7930
 328546.8774 4161457.7823
 328546.9769 4161457.7708
 328547.0763 4161457.7586
 328547.1732 4161457.7469
 328547.2719 4161457.7349
 328547.3705 4161457.7226
 328547.4692 4161457.7101
 328547.5678 4161457.6974
 328547.6665 4161457.6844
 328547.7661 4161457.6769
 328547.8650 4161457.6665
 328547.9639 4161457.6564
 328548.0628 4161457.6467
 328548.1617 4161457.6374
 328548.2606 4161457.6285
 328548.3595 4161457.6199
 328548.4604 4161457.6109
 328548.5599 4161457.6006
 328548.6593 4161457.5901
 328548.7587 4161457.5794
 328548.8581 4161457.5685
 328548.9575 4161457.5573
 328549.0547 4161457.5409
 328549.1533 4161457.5268
 328549.2520 4161457.5122
 328549.3507 4161457.4970
 328549.4494 4161457.4814
 328549.5481 4161457.4652
 328549.6476 4161457.4583
 328549.7466 4161457.4471
 328549.8455 4161457.4365
 328549.9445 4161457.4264
 328550.0434 4161457.4170
 328550.1424 4161457.4081
 328550.2420 4161457.3959
 328550.3410 4161457.3837
 328550.4401 4161457.3711
 328550.5392 4161457.3581
 328550.6383 4161457.3446
 328550.7374 4161457.3307
 328550.8365 4161457.3164
 328550.9354 4161457.3061
 328551.0344 4161457.2937
 328551.1334 4161457.2815
 328551.2324 4161457.2695
 328551.3314 4161457.2579
 328551.4303 4161457.2464
 328551.5275 4161457.2322
 328551.6259 4161457.2189
 328551.7243 4161457.2053
 328551.8227 4161457.1916
 328551.9211 4161457.1777
 328552.0195 4161457.1635
 328552.1196 4161457.1554
 328552.2186 4161457.1467
 328552.3177 4161457.1391
 328552.4168 4161457.1327
 328552.5159 4161457.1275
 328552.6150 4161457.1234
 328552.7150 4161457.1157
 328552.8145 4161457.1076
 328552.9139 4161457.0986
 328553.0133 4161457.0886
 328553.1127 4161457.0777
 328553.2121 4161457.0658
 328553.3117 4161457.0568
 328553.4112 4161457.0476
 328553.5107 4161457.0388
 328553.6102 4161457.0302
 328553.7097 4161457.0218
 328553.8091 4161457.0137
 328553.9086 4161457.0058
 328554.0081 4161456.9997
 328554.1076 4161456.9911
 328554.2070 4161456.9822
 328554.3065 4161456.9730
 328554.4059 4161456.9635
 328554.5037 4161456.9434
 328554.6026 4161456.9327
 328554.7015 4161456.9229
 328554.8004 4161456.9140
 328554.8993 4161456.9060
 328554.9982 4161456.8989
 328555.0964 4161456.8834
 328555.1954 4161456.8741
 328555.2943 4161456.8645
 328555.3933 4161456.8547
 328555.4923 4161456.8448
 328555.5913 4161456.8346
 328555.6906 4161456.8302
 328555.7899 4161456.8204
 328555.8891 4161456.8095
 328555.9884 4161456.7977
 328556.0877 4161456.7849
 328556.1870 4161456.7712
 328556.2855 4161456.7616
 328556.3844 4161456.7504
 328556.4834 4161456.7396
 328556.5823 4161456.7293
 328556.6813 4161456.7194
 328556.7802 4161456.7099
 328556.8803 4161456.6981
 328556.9795 4161456.6883
 328557.0788 4161456.6790
 328557.1780 4161456.6700
 328557.2773 4161456.6615
 328557.3766 4161456.6515
 328557.4758 4161456.6400
 328557.5751 4161456.6277
 328557.6743 4161456.6145
 328557.7720 4161456.6063
 328557.8705 4161456.5946
 328557.9689 4161456.5827
 328558.0674 4161456.5704
 328558.1667 4161456.5570
 328558.2657 4161456.5450
 328558.3646 4161456.5338
 328558.4636 4161456.5234
 328558.5624 4161456.5111
 328558.6613 4161456.4988
 328558.7603 4161456.4860
 328558.8592 4161456.4733
 328558.9582 4161456.4622
 328559.0572 4161456.4517
 328559.1562 4161456.4419
 328559.2559 4161456.4342
 328559.3552 4161456.4253
 328559.4546 4161456.4165
 328559.5539 4161456.4077
 328559.6524 4161456.3982
 328559.7514 4161456.3859
 328559.8504 4161456.3722
 328559.9496 4161456.3615
 328560.0486 4161456.3523
 328560.1477 4161456.3449
 328560.2467 4161456.3392
 328560.3454 4161456.3288
 328560.4443 4161456.3191
 328560.5432 4161456.3087
 328560.6420 4161456.2975
 328560.7409 4161456.2856
 328560.8404 4161456.2792
 328560.9394 4161456.2692
 328561.0385 4161456.2588
 328561.1376 4161456.2482
 328561.2374 4161456.2404
 328561.3366 4161456.2299
 328561.4359 4161456.2193
 328561.5352 4161456.2084
 328561.6344 4161456.1948
 328561.7337 4161456.1854
 328561.8330 4161456.1775
 328561.9323 4161456.1710
 328562.0316 4161456.1627
 328562.1309 4161456.1538
 328562.2302 4161456.1441
 328562.3295 4161456.1335
 328562.4288 4161456.1221
 328562.5276 4161456.1133
 328562.6266 4161456.1032
 328562.7256 4161456.0931
 328562.8246 4161456.0828
 328562.9236 4161456.0726
 328563.0223 4161456.0581
 328563.1212 4161456.0463
 328563.2200 4161456.0348
 328563.3189 4161456.0235
 328563.4178 4161456.0125
 328563.5180 4161456.0048
 328563.6175 4161455.9954
 328563.7169 4161455.9864
 328563.8163 4161455.9776
 328563.9158 4161455.9691
 328564.0153 4161455.9590
 328564.1147 4161455.9502
 328564.2142 4161455.9418
 328564.3137 4161455.9337
 328564.4131 4161455.9259
 328564.5124 4161455.9170
 328564.6118 4161455.9070
 328564.7112 4161455.8962
 328564.8106 4161455.8846
 328564.9100 4161455.8721
 328565.0092 4161455.8646
 328565.1085 4161455.8533
 328565.2078 4161455.8417
 328565.3071 4161455.8296
 328565.4063 4161455.8171
 328565.5060 4161455.8073
 328565.6053 4161455.7980
 328565.7047 4161455.7899
 328565.8041 4161455.7829
 328565.9035 4161455.7771
 328566.0032 4161455.7679
 328566.1027 4161455.7596
 328566.2022 4161455.7511
 328566.3016 4161455.7425
 328566.4011 4161455.7337
 328566.5002 4161455.7219
 328566.5995 4161455.7113
 328566.6988 4161455.7002
 328566.7981 4161455.6887
 328566.8972 4161455.6794
 328566.9964 4161455.6680
 328567.0956 4161455.6561
 328567.1948 4161455.6438
 328567.2937 4161455.6308
 328567.3928 4161455.6175
 328567.4918 4161455.6040
 328567.5908 4161455.5902
 328567.6898 4161455.5763
 328567.7885 4161455.5590
 328567.8875 4161455.5457
 328567.9864 4161455.5332
 328568.0853 4161455.5215
 328568.1842 4161455.5105
 328568.2838 4161455.4979
 328568.3830 4161455.4859
 328568.4822 4161455.4739
 328568.5814 4161455.4618
 328568.6806 4161455.4496
 328568.7797 4161455.4380
 328568.8788 4161455.4248
 328568.9779 4161455.4111
 328569.0770 4161455.3970
 328569.1761 4161455.3823
 328569.2752 4161455.3672
 328569.3725 4161455.3510
 328569.4710 4161455.3337
 328569.5695 4161455.3157
 328569.6680 4161455.2969
 328569.7664 4161455.2773
 328569.8650 4161455.2637
 328569.9634 4161455.2471
 328570.0618 4161455.2308
 328570.1602 4161455.2149
 328570.2583 4161455.1969
 328570.3566 4161455.1801
 328570.4548 4161455.1637
 328570.5531 4161455.1476
 328570.6513 4161455.1319
 328570.7499 4161455.1157
 328570.8484 4161455.0995
 328570.9468 4161455.0830
 328571.0452 4161455.0664
 328571.1437 4161455.0496
 328571.2422 4161455.0372
 328571.3405 4161455.0204
 328571.4389 4161455.0030
 328571.5372 4161454.9851
 328571.6355 4161454.9666
 328571.7345 4161454.9521
 328571.8329 4161454.9352
 328571.9313 4161454.9187
 328572.0297 4161454.9026
