wA2B2
  3.90   3.90
 328525.0234 4161460.3717
 328525.0348 4161460.4711
 328525.0462 4161460.5704
 328525.0576 4161460.6698
 328525.0689 4161460.7691
 328525.0803 4161460.8685
 328525.0917 4161460.9678
 328525.1031 4161461.0672
 328525.1145 4161461.1665
 328525.1258 4161461.2659
 328525.1372 4161461.3652
 328525.1486 4161461.4646
 328525.1600 4161461.5639
 328525.1714 4161461.6633
 328525.1827 4161461.7626
 328525.1941 4161461.8620
 328525.2055 4161461.9613
 328525.2169 4161462.0607
 328525.2282 4161462.1600
 328525.2396 4161462.2594
 328525.2510 4161462.3587
 328525.2624 4161462.4581
 328525.2738 4161462.5574
 328525.2851 4161462.6568
 328525.2965 4161462.7561
 328525.3079 4161462.8555
 328525.3193 4161462.9548
 328525.3306 4161463.0542
 328525.3420 4161463.1535
 328525.3534 4161463.2529
 328525.3648 4161463.3522
 328525.3762 4161463.4516
 328525.3875 4161463.5509
 328525.3989 4161463.6503
 328525.4103 4161463.7496
 328525.4217 4161463.8490
 328525.4331 4161463.9483
 328525.4444 4161464.0477
 328525.4558 4161464.1470
 328525.4672 4161464.2464
