wA2X1
  9.05   9.05
 328525.0349 4161460.1423
 328525.0212 4161460.0434
 328525.0145 4161459.9440
 328525.0131 4161459.8443
 328525.0149 4161459.7445
 328525.0183 4161459.6446
 328525.0202 4161459.5448
 328525.0230 4161459.4450
 328525.0254 4161459.3452
 328525.0272 4161459.2458
 328525.0307 4161459.1471
 328525.0324 4161459.0485
 328525.0360 4161458.9498
 328525.0429 4161458.8506
 328525.0429 4161458.7507
 328525.0462 4161458.6508
 328525.0487 4161458.5508
 328525.0498 4161458.4510
 328525.0898 4161458.3596
 328525.1160 4161458.2646
 328525.1377 4161458.1681
 328525.1496 4161458.0685
 328525.1563 4161457.9709
 328525.1619 4161457.8727
 328525.1685 4161457.7744
 328525.1783 4161457.6758
 328525.1749 4161457.5754
 328525.1788 4161457.4755
 328525.1861 4161457.3764
 328525.1943 4161457.2778
 328525.2040 4161457.1792
 328525.2119 4161457.0804
 328525.2161 4161456.9810
 328525.2220 4161456.8820
 328525.2315 4161456.7829
 328525.2416 4161456.6837
 328525.2517 4161456.5844
 328525.2658 4161456.4854
 328525.2748 4161456.3858
 328525.2825 4161456.2862
 328525.2889 4161456.1867
 328525.2945 4161456.0876
 328525.2957 4161455.9888
 328525.2936 4161455.8901
 328525.2878 4161455.7915
 328525.2957 4161455.6930
 328525.3012 4161455.5944
 328525.3037 4161455.4957
 328525.2997 4161455.3968
 328525.2977 4161455.2971
 328525.2968 4161455.1971
 328525.2977 4161455.0972
 328525.3016 4161454.9976
 328525.3093 4161454.8988
 328525.3259 4161454.8006
 328525.3416 4161454.7023
 328525.3590 4161454.6042
 328525.3773 4161454.5062
 328525.3944 4161454.4078
 328525.4092 4161454.3092
 328525.4211 4161454.2104
 328525.4289 4161454.1115
 328525.4316 4161454.0123
 328525.4369 4161453.9134
 328525.4395 4161453.8141
 328525.4429 4161453.7146
 328525.4480 4161453.6148
 328525.4559 4161453.5149
 328525.4619 4161453.4152
 328525.4621 4161453.3159
 328525.4531 4161453.2173
 328525.4420 4161453.1185
 328525.4350 4161453.0197
 328525.4304 4161452.9207
 328525.4303 4161452.8213
 328525.4367 4161452.7214
 328525.4343 4161452.6219
 328525.4352 4161452.5222
 328525.4399 4161452.4224
 328525.4510 4161452.3232
 328525.4611 4161452.2241
 328525.4694 4161452.1248
 328525.4737 4161452.0251
 328525.4775 4161451.9254
 328525.4832 4161451.8258
 328525.4871 4161451.7261
 328525.4877 4161451.6263
 328525.4837 4161451.5263
 328525.4916 4161451.4265
 328525.4987 4161451.3272
 328525.5076 4161451.2280
 328525.5183 4161451.1290
