wA3A7
 68.38 116.24
 328572.0297 4161454.9026
 328572.1281 4161454.8870
 328572.2273 4161454.8716
 328572.3259 4161454.8556
 328572.4245 4161454.8398
 328572.5231 4161454.8243
 328572.6217 4161454.8089
 328572.7203 4161454.7938
 328572.8189 4161454.7752
 328572.9176 4161454.7600
 328573.0162 4161454.7452
 328573.1149 4161454.7309
 328573.2135 4161454.7170
 328573.3124 4161454.6991
 328573.4112 4161454.6849
 328573.5101 4161454.6709
 328573.6090 4161454.6571
 328573.7078 4161454.6436
 328573.8069 4161454.6329
 328573.9060 4161454.6189
 328574.0050 4161454.6042
 328574.1040 4161454.5888
 328574.2030 4161454.5727
 328574.3021 4161454.5607
 328574.4011 4161454.5480
 328574.5001 4161454.5362
 328574.5990 4161454.5252
 328574.6980 4161454.5152
 328574.7976 4161454.5011
 328574.8969 4161454.4893
 328574.9961 4161454.4775
 328575.0953 4161454.4658
 328575.1946 4161454.4542
 328575.2940 4161454.4436
 328575.3933 4161454.4333
 328575.4927 4161454.4232
 328575.5920 4161454.4135
 328575.6914 4161454.4040
 328575.7907 4161454.3912
 328575.8900 4161454.3807
 328575.9893 4161454.3703
 328576.0887 4161454.3600
 328576.1880 4161454.3499
 328576.2874 4161454.3390
 328576.3868 4161454.3290
 328576.4862 4161454.3190
 328576.5855 4161454.3091
 328576.6849 4161454.2992
 328576.7843 4161454.2894
 328576.8839 4161454.2819
 328576.9834 4161454.2723
 328577.0828 4161454.2626
 328577.1822 4161454.2528
 328577.2817 4161454.2428
 328577.3816 4161454.2379
 328577.4812 4161454.2313
 328577.5808 4161454.2256
 328577.6803 4161454.2207
 328577.7799 4161454.2166
 328577.8797 4161454.2078
 328577.9793 4161454.2010
 328578.0790 4161454.1940
 328578.1786 4161454.1870
 328578.2782 4161454.1799
 328578.3783 4161454.1776
 328578.4780 4161454.1728
 328578.5778 4161454.1684
 328578.6776 4161454.1643
 328578.7773 4161454.1606
 328578.8773 4161454.1577
 328578.9771 4161454.1533
 328579.0769 4161454.1489
 328579.1767 4161454.1443
 328579.2765 4161454.1398
 328579.3763 4161454.1351
 328579.4763 4161454.1332
 328579.5761 4161454.1292
 328579.6760 4161454.1252
 328579.7758 4161454.1213
 328579.8755 4161454.1161
 328579.9752 4161454.1108
 328580.0749 4161454.1053
 328580.1747 4161454.0995
 328580.2744 4161454.0934
 328580.3744 4161454.0918
 328580.4742 4161454.0876
 328580.5740 4161454.0833
 328580.6738 4161454.0791
 328580.7737 4161454.0748
 328580.8736 4161454.0720
 328580.9734 4161454.0675
 328581.0732 4161454.0630
 328581.1730 4161454.0584
 328581.2728 4161454.0537
 328581.3725 4161454.0477
 328581.4722 4161454.0426
 328581.5719 4161454.0376
 328581.6717 4161454.0328
 328581.7714 4161454.0281
 328581.8711 4161454.0205
 328581.9709 4161454.0162
 328582.0706 4161454.0126
 328582.1704 4161454.0095
 328582.2698 4161454.0020
 328582.3694 4161453.9962
 328582.4691 4161453.9897
 328582.5687 4161453.9825
 328582.6684 4161453.9747
 328582.7678 4161453.9678
 328582.8673 4161453.9606
 328582.9669 4161453.9530
 328583.0665 4161453.9451
 328583.1661 4161453.9369
 328583.2653 4161453.9257
 328583.3647 4161453.9162
 328583.4642 4161453.9062
 328583.5636 4161453.8959
 328583.6631 4161453.8851
 328583.7600 4161453.8712
 328583.8584 4161453.8553
 328583.9568 4161453.8373
 328584.0552 4161453.8172
 328584.1536 4161453.7951
 328584.2521 4161453.7708
 328584.3482 4161453.7500
 328584.4457 4161453.7285
 328584.5433 4161453.7069
 328584.6409 4161453.6851
 328584.7384 4161453.6631
 328584.8360 4161453.6411
 328584.9339 4161453.6188
 328585.0317 4161453.5980
 328585.1294 4161453.5776
 328585.2272 4161453.5576
 328585.3249 4161453.5380
 328585.4226 4161453.5188
 328585.5230 4161453.5032
 328585.6216 4161453.4883
 328585.7202 4161453.4747
 328585.8188 4161453.4624
 328585.9174 4161453.4514
 328586.0173 4161453.4426
 328586.1164 4161453.4331
 328586.2156 4161453.4243
 328586.3147 4161453.4162
 328586.4139 4161453.4087
 328586.5130 4161453.4019
 328586.6132 4161453.3946
 328586.7127 4161453.3876
 328586.8122 4161453.3808
 328586.9116 4161453.3743
 328587.0111 4161453.3681
 328587.1113 4161453.3611
 328587.2110 4161453.3554
 328587.3108 4161453.3501
 328587.4105 4161453.3451
 328587.5102 4161453.3406
 328587.6099 4161453.3365
 328587.7098 4161453.3302
 328587.8096 4161453.3253
 328587.9094 4161453.3205
 328588.0092 4161453.3156
 328588.1090 4161453.3108
 328588.2088 4161453.3060
 328588.3070 4161453.3090
 328588.4063 4161453.3052
 328588.5057 4161453.3010
 328588.6050 4161453.2963
 328588.7043 4161453.2911
 328588.8037 4161453.2855
 328588.9034 4161453.2749
 328589.0029 4161453.2670
 328589.1025 4161453.2593
 328589.2020 4161453.2517
 328589.3015 4161453.2441
 328589.4011 4161453.2366
 328589.4994 4161453.2359
 328589.5985 4161453.2288
 328589.6976 4161453.2213
 328589.7967 4161453.2134
 328589.8958 4161453.2052
 328589.9950 4161453.1965
 328590.0941 4161453.1825
 328590.1933 4161453.1739
 328590.2926 4161453.1665
 328590.3918 4161453.1604
 328590.4910 4161453.1555
 328590.5903 4161453.1517
 328590.6896 4161453.1428
 328590.7889 4161453.1368
 328590.8881 4161453.1309
 328590.9873 4161453.1251
 328591.0865 4161453.1193
 328591.1858 4161453.1136
 328591.2858 4161453.1077
 328591.3851 4161453.1032
 328591.4845 4161453.0991
 328591.5839 4161453.0955
 328591.6833 4161453.0923
 328591.7827 4161453.0895
 328591.8834 4161453.0821
 328591.9832 4161453.0775
 328592.0830 4161453.0730
 328592.1828 4161453.0685
 328592.2826 4161453.0640
 328592.3824 4161453.0595
 328592.4817 4161453.0498
 328592.5813 4161453.0442
 328592.6810 4161453.0385
 328592.7806 4161453.0328
 328592.8803 4161453.0271
 328592.9799 4161453.0213
 328593.0792 4161453.0168
 328593.1787 4161453.0119
 328593.2783 4161453.0069
 328593.3779 4161453.0017
 328593.4774 4161452.9965
 328593.5770 4161452.9910
 328593.6769 4161452.9891
 328593.7765 4161452.9832
 328593.8762 4161452.9765
 328593.9758 4161452.9691
 328594.0755 4161452.9609
 328594.1740 4161452.9559
 328594.2731 4161452.9487
 328594.3723 4161452.9413
 328594.4715 4161452.9338
 328594.5707 4161452.9260
 328594.6699 4161452.9180
 328594.7698 4161452.9176
 328594.8693 4161452.9145
 328594.9687 4161452.9126
 328595.0681 4161452.9119
 328595.1686 4161452.9094
 328595.2684 4161452.9068
 328595.3683 4161452.9045
 328595.4682 4161452.9022
 328595.5680 4161452.9001
 328595.6658 4161452.8882
 328595.7650 4161452.8823
 328595.8641 4161452.8762
 328595.9633 4161452.8698
 328596.0624 4161452.8620
 328596.1618 4161452.8558
 328596.2611 4161452.8492
 328596.3605 4161452.8422
 328596.4598 4161452.8358
 328596.5592 4161452.8287
 328596.6586 4161452.8207
 328596.7580 4161452.8118
 328596.8573 4161452.8019
 328596.9573 4161452.7980
 328597.0570 4161452.7920
 328597.1566 4161452.7863
 328597.2562 4161452.7810
 328597.3551 4161452.7742
 328597.4544 4161452.7668
 328597.5537 4161452.7585
 328597.6531 4161452.7495
 328597.7529 4161452.7466
 328597.8525 4161452.7409
 328597.9520 4161452.7352
 328598.0516 4161452.7296
 328598.1513 4161452.7260
 328598.2509 4161452.7185
 328598.3504 4161452.7099
 328598.4500 4161452.7000
 328598.5488 4161452.6967
 328598.6479 4161452.6907
 328598.7470 4161452.6857
 328598.8461 4161452.6815
 328598.9444 4161452.6698
 328599.0430 4161452.6648
 328599.1416 4161452.6619
 328599.2402 4161452.6608
 328599.3389 4161452.6573
 328599.4375 4161452.6541
 328599.5362 4161452.6505
 328599.6348 4161452.6463
 328599.7347 4161452.6398
 328599.8341 4161452.6354
 328599.9335 4161452.6310
 328600.0328 4161452.6268
 328600.1320 4161452.6202
 328600.2313 4161452.6142
 328600.3307 4161452.6076
 328600.4300 4161452.6005
 328600.5299 4161452.5922
 328600.6296 4161452.5872
 328600.7293 4161452.5831
 328600.8290 4161452.5801
 328600.9284 4161452.5821
 328601.0281 4161452.5791
 328601.1277 4161452.5750
 328601.2274 4161452.5697
 328601.3253 4161452.5589
 328601.4240 4161452.5504
 328601.5227 4161452.5419
 328601.6214 4161452.5335
 328601.7195 4161452.5210
 328601.8179 4161452.5088
 328601.9164 4161452.4951
 328602.0148 4161452.4801
 328602.1146 4161452.4671
 328602.2139 4161452.4584
 328602.3131 4161452.4519
 328602.4123 4161452.4476
 328602.5119 4161452.4428
 328602.6113 4161452.4348
 328602.7107 4161452.4254
 328602.8101 4161452.4144
 328602.9094 4161452.4020
 328603.0078 4161452.3910
 328603.1067 4161452.3806
 328603.2057 4161452.3705
 328603.3046 4161452.3607
 328603.4046 4161452.3516
 328603.5041 4161452.3441
 328603.6035 4161452.3374
 328603.7030 4161452.3316
 328603.8023 4161452.3240
 328603.9017 4161452.3159
 328604.0011 4161452.3071
 328604.1005 4161452.2978
 328604.1995 4161452.2882
 328604.2987 4161452.2802
 328604.3978 4161452.2731
 328604.4970 4161452.2668
 328604.5962 4161452.2575
 328604.6955 4161452.2508
 328604.7947 4161452.2447
 328604.8940 4161452.2393
 328604.9932 4161452.2345
 328605.0912 4161452.2220
 328605.1901 4161452.2134
 328605.2889 4161452.2042
 328605.3877 4161452.1943
 328605.4870 4161452.1875
 328605.5859 4161452.1792
 328605.6848 4161452.1708
 328605.7838 4161452.1623
 328605.8838 4161452.1533
 328605.9831 4161452.1465
 328606.0825 4161452.1409
 328606.1819 4161452.1366
 328606.2810 4161452.1281
 328606.3801 4161452.1195
 328606.4793 4161452.1099
 328606.5785 4161452.0993
 328606.6777 4161452.0877
 328606.7765 4161452.0825
 328606.8755 4161452.0756
 328606.9745 4161452.0694
 328607.0735 4161452.0640
 328607.1743 4161452.0603
 328607.2739 4161452.0565
 328607.3736 4161452.0535
 328607.4733 4161452.0512
 328607.5713 4161452.0415
 328607.6702 4161452.0334
 328607.7692 4161452.0240
 328607.8681 4161452.0133
 328607.9671 4161452.0014
 328608.0655 4161452.0024
 328608.1643 4161451.9964
 328608.2631 4161451.9908
 328608.3619 4161451.9856
 328608.4607 4161451.9808
 328608.5592 4161451.9833
 328608.6579 4161451.9768
 328608.7566 4161451.9694
 328608.8553 4161451.9611
 328608.9540 4161451.9519
 328609.0534 4161451.9446
 328609.1523 4161451.9379
 328609.2512 4161451.9326
 328609.3501 4161451.9285
 328609.4479 4161451.9221
 328609.5463 4161451.9157
 328609.6447 4161451.9095
 328609.7432 4161451.9033
 328609.8416 4161451.8972
 328609.9413 4161451.8937
 328610.0402 4161451.8891
 328610.1391 4161451.8851
 328610.2380 4161451.8817
 328610.3368 4161451.8789
 328610.4359 4161451.8667
 328610.5347 4161451.8607
 328610.6336 4161451.8550
 328610.7324 4161451.8497
 328610.8312 4161451.8447
 328610.9310 4161451.8392
 328611.0300 4161451.8366
 328611.1291 4161451.8350
 328611.2282 4161451.8343
 328611.3279 4161451.8336
 328611.4272 4161451.8318
 328611.5265 4161451.8294
 328611.6258 4161451.8266
 328611.7250 4161451.8232
 328611.8253 4161451.8146
 328611.9249 4161451.8122
 328612.0245 4161451.8108
 328612.1242 4161451.8103
 328612.2234 4161451.8088
 328612.3230 4161451.8057
 328612.4225 4161451.8010
 328612.5220 4161451.7948
 328612.6215 4161451.7870
 328612.7214 4161451.7840
 328612.8211 4161451.7792
 328612.9207 4161451.7744
 328613.0204 4161451.7696
 328613.1201 4161451.7648
 328613.2199 4161451.7591
 328613.3196 4161451.7547
 328613.4193 4161451.7506
 328613.5191 4161451.7468
 328613.6188 4161451.7432
 328613.7167 4161451.7381
 328613.8158 4161451.7320
 328613.9149 4161451.7251
 328614.0140 4161451.7172
 328614.1132 4161451.7084
 328614.2129 4161451.7072
 328614.3123 4161451.7033
 328614.4118 4161451.6999
 328614.5112 4161451.6973
 328614.6107 4161451.6952
 328614.7106 4161451.6919
 328614.8104 4161451.6899
 328614.9102 4161451.6881
 328615.0099 4161451.6867
 328615.1097 4161451.6856
 328615.2095 4161451.6837
 328615.3093 4161451.6805
 328615.4091 4161451.6763
 328615.5090 4161451.6709
 328615.6088 4161451.6645
 328615.7079 4161451.6600
 328615.8075 4161451.6547
 328615.9070 4161451.6493
 328616.0066 4161451.6439
 328616.1061 4161451.6382
 328616.2058 4161451.6356
 328616.3054 4161451.6300
 328616.4050 4161451.6239
 328616.5046 4161451.6172
 328616.6042 4161451.6100
 328616.7034 4161451.6059
 328616.8028 4161451.6004
 328616.9022 4161451.5949
 328617.0016 4161451.5895
 328617.1010 4161451.5842
 328617.1998 4161451.5816
 328617.2990 4161451.5756
 328617.3982 4161451.5690
 328617.4974 4161451.5616
 328617.5966 4161451.5535
 328617.6955 4161451.5526
 328617.7945 4161451.5459
 328617.8936 4161451.5387
 328617.9926 4161451.5311
 328618.0917 4161451.5230
 328618.1924 4161451.5164
 328618.2920 4161451.5130
 328618.3915 4161451.5114
 328618.4911 4161451.5118
 328618.5907 4161451.5140
 328618.6902 4161451.5097
 328618.7898 4161451.5064
 328618.8893 4161451.5023
 328618.9888 4161451.4974
 328619.0883 4161451.4916
 328619.1870 4161451.4889
 328619.2862 4161451.4843
 328619.3855 4161451.4796
 328619.4847 4161451.4747
 328619.5839 4161451.4696
 328619.6824 4161451.4634
 328619.7814 4161451.4584
 328619.8804 4161451.4536
 328619.9794 4161451.4489
 328620.0784 4161451.4443
 328620.1774 4161451.4398
 328620.2772 4161451.4383
 328620.3765 4161451.4347
 328620.4759 4161451.4309
 328620.5752 4161451.4270
 328620.6746 4161451.4229
 328620.7744 4161451.4164
 328620.8738 4161451.4089
 328620.9733 4161451.4003
 328621.0728 4161451.3907
 328621.1722 4161451.3799
 328621.2720 4161451.3701
 328621.3716 4161451.3638
 328621.4712 4161451.3591
 328621.5707 4161451.3558
 328621.6703 4161451.3541
 328621.7697 4161451.3536
 328621.8692 4161451.3473
 328621.9686 4161451.3390
 328622.0681 4161451.3288
 328622.1675 4161451.3166
 328622.2670 4161451.3025
 328622.3646 4161451.2898
 328622.4634 4161451.2823
 328622.5622 4161451.2767
 328622.6611 4161451.2732
 328622.7599 4161451.2718
 328622.8603 4161451.2751
 328622.9596 4161451.2729
 328623.0590 4161451.2700
 328623.1583 4161451.2663
 328623.2577 4161451.2619
 328623.3571 4161451.2588
 328623.4564 4161451.2555
 328623.5557 4161451.2523
 328623.6550 4161451.2493
 328623.7543 4161451.2465
 328623.8536 4161451.2438
 328623.9525 4161451.2306
 328624.0518 4161451.2281
 328624.1510 4161451.2269
 328624.2503 4161451.2269
 328624.3496 4161451.2282
 328624.4487 4161451.2293
 328624.5481 4161451.2276
 328624.6475 4161451.2246
 328624.7469 4161451.2204
 328624.8463 4161451.2150
 328624.9453 4161451.2061
 328625.0446 4161451.1973
 328625.1439 4161451.1874
 328625.2432 4161451.1764
 328625.3425 4161451.1642
 328625.4418 4161451.1509
 328625.5415 4161451.1543
 328625.6409 4161451.1480
 328625.7403 4161451.1423
 328625.8397 4161451.1371
 328625.9392 4161451.1325
 328626.0396 4161451.1281
 328626.1393 4161451.1229
 328626.2391 4161451.1182
 328626.3388 4161451.1140
 328626.4385 4161451.1103
 328626.5378 4161451.1003
 328626.6373 4161451.0921
 328626.7368 4161451.0831
 328626.8364 4161451.0734
 328626.9359 4161451.0630
 328627.0354 4161451.0519
 328627.1335 4161451.0545
 328627.2325 4161451.0473
 328627.3315 4161451.0400
 328627.4305 4161451.0325
 328627.5295 4161451.0248
 328627.6284 4161451.0272
 328627.7272 4161451.0248
 328627.8260 4161451.0239
 328627.9248 4161451.0246
 328628.0236 4161451.0268
 328628.1242 4161451.0254
 328628.2237 4161451.0279
 328628.3231 4161451.0322
 328628.4226 4161451.0384
 328628.5221 4161451.0465
 328628.6215 4161451.0565
 328628.7070 4161451.0373
 328628.8019 4161451.0257
 328628.8968 4161451.0095
 328628.9917 4161450.9887
 328629.0865 4161450.9634
 328629.1884 4161450.9675
 328629.2861 4161450.9603
 328629.3839 4161450.9553
 328629.4816 4161450.9526
 328629.5794 4161450.9521
 328629.6824 4161450.9451
 328629.7818 4161450.9371
 328629.8812 4161450.9289
 328629.9807 4161450.9203
 328630.0801 4161450.9116
 328630.1796 4161450.9025
 328630.2774 4161450.9050
 328630.3763 4161450.9027
 328630.4752 4161450.9018
 328630.5741 4161450.9025
 328630.6729 4161450.9046
 328630.7733 4161450.8988
 328630.8729 4161450.8936
 328630.9724 4161450.8870
 328631.0720 4161450.8790
 328631.1716 4161450.8695
 328631.2712 4161450.8587
 328631.3707 4161450.8582
 328631.4703 4161450.8527
 328631.5698 4161450.8476
 328631.6693 4161450.8428
 328631.7683 4161450.8418
 328631.8675 4161450.8366
 328631.9667 4161450.8309
 328632.0659 4161450.8245
 328632.1651 4161450.8176
 328632.2643 4161450.8101
 328632.3647 4161450.8119
 328632.4643 4161450.8097
 328632.5639 4161450.8087
 328632.6635 4161450.8090
 328632.7631 4161450.8104
 328632.8629 4161450.8101
 328632.9625 4161450.8072
 328633.0622 4161450.8035
 328633.1618 4161450.7991
 328633.2614 4161450.7940
 328633.3611 4161450.7881
 328633.4604 4161450.7808
 328633.5599 4161450.7757
 328633.6594 4161450.7709
 328633.7590 4161450.7666
 328633.8585 4161450.7627
 328633.9579 4161450.7654
 328634.0574 4161450.7632
 328634.1568 4161450.7607
 328634.2562 4161450.7582
 328634.3556 4161450.7554
 328634.4550 4161450.7526
 328634.5530 4161450.7480
 328634.6519 4161450.7457
 328634.7508 4161450.7441
 328634.8496 4161450.7432
 328634.9485 4161450.7429
 328635.0481 4161450.7466
 328635.1472 4161450.7483
 328635.2463 4161450.7504
 328635.3454 4161450.7528
 328635.4458 4161450.7515
 328635.5455 4161450.7514
 328635.6452 4161450.7514
 328635.7449 4161450.7515
 328635.8446 4161450.7516
 328635.9443 4161450.7517
 328636.0435 4161450.7509
 328636.1430 4161450.7504
 328636.2425 4161450.7496
 328636.3420 4161450.7487
 328636.4415 4161450.7476
 328636.5328 4161450.7520
 328636.6296 4161450.7541
 328636.7264 4161450.7568
 328636.8231 4161450.7601
 328636.9199 4161450.7639
 328637.0195 4161450.7633
 328637.1173 4161450.7604
 328637.2150 4161450.7557
 328637.3127 4161450.7490
 328637.4105 4161450.7405
 328637.5082 4161450.7301
 328637.6096 4161450.7275
 328637.7083 4161450.7286
 328637.8070 4161450.7328
 328637.9056 4161450.7402
 328638.0043 4161450.7507
 328638.1027 4161450.7313
 328638.2013 4161450.7215
 328638.2999 4161450.7082
 328638.3984 4161450.6911
 328638.4970 4161450.6705
 328638.5979 4161450.6794
 328638.6972 4161450.6751
 328638.7966 4161450.6728
 328638.8959 4161450.6726
 328638.9952 4161450.6744
 328639.0954 4161450.6760
 328639.1949 4161450.6778
 328639.2944 4161450.6810
 328639.3940 4161450.6857
 328639.4935 4161450.6918
 328639.5922 4161450.6822
 328639.6914 4161450.6830
 328639.7907 4161450.6843
 328639.8900 4161450.6861
 328639.9892 4161450.6883
 328640.0885 4161450.6909
 328640.1892 4161450.6977
