wA3B3
  3.80   3.80
 328572.0297 4161454.9026
 328572.0443 4161455.0016
 328572.0590 4161455.1005
 328572.0736 4161455.1994
 328572.0882 4161455.2983
 328572.1028 4161455.3973
 328572.1175 4161455.4962
 328572.1321 4161455.5951
 328572.1467 4161455.6940
 328572.1614 4161455.7930
 328572.1760 4161455.8919
 328572.1906 4161455.9908
 328572.2052 4161456.0897
 328572.2199 4161456.1887
 328572.2345 4161456.2876
 328572.2491 4161456.3865
 328572.2637 4161456.4854
 328572.2784 4161456.5844
 328572.2930 4161456.6833
 328572.3076 4161456.7822
 328572.3222 4161456.8811
 328572.3369 4161456.9801
 328572.3515 4161457.0790
 328572.3661 4161457.1779
 328572.3808 4161457.2768
 328572.3954 4161457.3758
 328572.4100 4161457.4747
 328572.4246 4161457.5736
 328572.4393 4161457.6725
 328572.4539 4161457.7715
 328572.4685 4161457.8704
 328572.4831 4161457.9693
 328572.4978 4161458.0682
 328572.5124 4161458.1672
 328572.5270 4161458.2661
 328572.5417 4161458.3650
 328572.5563 4161458.4639
 328572.5709 4161458.5628
 328572.5855 4161458.6618
