wA4A5
 22.97  39.05
 328761.6797 4161450.6799
 328761.7792 4161450.6797
 328761.8787 4161450.6852
 328761.9783 4161450.6908
 328762.0778 4161450.6965
 328762.1773 4161450.7023
 328762.2764 4161450.7039
 328762.3756 4161450.7094
 328762.4749 4161450.7153
 328762.5741 4161450.7216
 328762.6734 4161450.7281
 328762.7726 4161450.7350
 328762.8719 4161450.7454
 328762.9712 4161450.7532
 328763.0705 4161450.7608
 328763.1697 4161450.7682
 328763.2690 4161450.7754
 328763.3692 4161450.7840
 328763.4688 4161450.7908
 328763.5684 4161450.7974
 328763.6680 4161450.8035
 328763.7677 4161450.8093
 328763.8670 4161450.8145
 328763.9666 4161450.8183
 328764.0661 4161450.8213
 328764.1657 4161450.8235
 328764.2652 4161450.8249
 328764.3648 4161450.8254
 328764.4643 4161450.8314
 328764.5639 4161450.8364
 328764.6635 4161450.8423
 328764.7631 4161450.8493
 328764.8627 4161450.8572
 328764.9622 4161450.8662
 328765.0615 4161450.8767
 328765.1611 4161450.8823
 328765.2606 4161450.8870
 328765.3601 4161450.8909
 328765.4597 4161450.8938
 328765.5592 4161450.8959
 328765.6588 4161450.8970
 328765.7591 4161450.8891
 328765.8589 4161450.8880
 328765.9587 4161450.8867
 328766.0586 4161450.8851
 328766.1584 4161450.8833
 328766.2582 4161450.8811
 328766.3578 4161450.8865
 328766.4576 4161450.8897
 328766.5573 4161450.8936
 328766.6571 4161450.8981
 328766.7568 4161450.9033
 328766.8566 4161450.9092
 328766.9563 4161450.9178
 328767.0560 4161450.9216
 328767.1558 4161450.9244
 328767.2555 4161450.9263
 328767.3552 4161450.9274
 328767.4550 4161450.9276
 328767.5551 4161450.9326
 328767.6549 4161450.9338
 328767.7548 4161450.9350
 328767.8547 4161450.9360
 328767.9546 4161450.9369
 328768.0544 4161450.9376
 328768.1541 4161450.9340
 328768.2539 4161450.9340
 328768.3537 4161450.9344
 328768.4535 4161450.9350
 328768.5533 4161450.9358
 328768.6528 4161450.9351
 328768.7524 4161450.9358
 328768.8520 4161450.9364
 328768.9516 4161450.9370
 328769.0511 4161450.9375
 328769.1507 4161450.9380
 328769.2500 4161450.9347
 328769.3495 4161450.9304
 328769.4489 4161450.9243
 328769.5484 4161450.9164
 328769.6478 4161450.9068
 328769.7473 4161450.8954
 328769.8465 4161450.8956
 328769.9459 4161450.8919
 328770.0453 4161450.8891
 328770.1447 4161450.8872
 328770.2441 4161450.8861
 328770.3440 4161450.8935
 328770.4436 4161450.8947
 328770.5432 4161450.8958
 328770.6428 4161450.8968
 328770.7424 4161450.8978
 328770.8422 4161450.8923
 328770.9419 4161450.8892
 328771.0416 4161450.8855
 328771.1412 4161450.8814
 328771.2409 4161450.8767
 328771.3406 4161450.8715
 328771.4397 4161450.8626
 328771.5392 4161450.8549
 328771.6387 4161450.8464
 328771.7382 4161450.8370
 328771.8377 4161450.8268
 328771.9372 4161450.8158
 328772.0375 4161450.8235
 328772.1372 4161450.8217
 328772.2369 4161450.8212
 328772.3367 4161450.8220
 328772.4364 4161450.8241
 328772.5356 4161450.8259
 328772.6350 4161450.8254
 328772.7345 4161450.8248
 328772.8339 4161450.8240
 328772.9334 4161450.8232
 328773.0320 4161450.8250
 328773.1311 4161450.8259
 328773.2301 4161450.8275
 328773.3291 4161450.8296
 328773.4282 4161450.8324
 328773.5264 4161450.8308
 328773.6251 4161450.8310
 328773.7239 4161450.8309
 328773.8227 4161450.8305
 328773.9215 4161450.8299
 328774.0202 4161450.8289
 328774.1208 4161450.8334
 328774.2203 4161450.8330
 328774.3198 4161450.8315
 328774.4194 4161450.8290
 328774.5189 4161450.8255
 328774.6184 4161450.8210
 328774.7173 4161450.8318
 328774.8166 4161450.8327
 328774.9159 4161450.8336
 328775.0152 4161450.8348
 328775.1145 4161450.8360
 328775.2124 4161450.8174
 328775.3113 4161450.8107
 328775.4102 4161450.8037
 328775.5092 4161450.7963
 328775.6081 4161450.7887
 328775.7071 4161450.7807
 328775.8046 4161450.8022
 328775.9032 4161450.8074
 328776.0018 4161450.8133
 328776.1004 4161450.8199
 328776.1990 4161450.8273
 328776.2977 4161450.8354
 328776.3958 4161450.8141
 328776.4943 4161450.8109
 328776.5928 4161450.8074
 328776.6913 4161450.8034
 328776.7898 4161450.7990
 328776.8883 4161450.7942
 328776.9866 4161450.8097
 328777.0849 4161450.8097
 328777.1833 4161450.8081
 328777.2816 4161450.8049
 328777.3799 4161450.8001
 328777.4783 4161450.7938
 328777.5763 4161450.7906
 328777.6746 4161450.7838
 328777.7728 4161450.7766
 328777.8710 4161450.7690
 328777.9693 4161450.7609
 328778.0675 4161450.7524
 328778.1667 4161450.7597
 328778.2653 4161450.7647
 328778.3639 4161450.7731
 328778.4625 4161450.7848
 328778.5611 4161450.7998
 328778.6586 4161450.8080
 328778.7569 4161450.8154
 328778.8552 4161450.8215
 328778.9535 4161450.8261
 328779.0518 4161450.8292
 328779.1501 4161450.8309
 328779.2513 4161450.8301
 328779.3506 4161450.8301
 328779.4499 4161450.8289
 328779.5492 4161450.8266
 328779.6485 4161450.8231
 328779.7478 4161450.8185
 328779.8478 4161450.8229
 328779.9473 4161450.8209
 328780.0468 4161450.8184
 328780.1463 4161450.8154
 328780.2458 4161450.8119
 328780.3456 4161450.8111
 328780.4451 4161450.8104
 328780.5447 4161450.8106
 328780.6443 4161450.8119
 328780.7438 4161450.8140
 328780.8434 4161450.8171
 328780.9430 4161450.8212
 328781.0402 4161450.8127
 328781.1391 4161450.8069
 328781.2380 4161450.7993
 328781.3368 4161450.7900
 328781.4357 4161450.7790
 328781.5355 4161450.7775
 328781.6347 4161450.7744
 328781.7338 4161450.7734
 328781.8330 4161450.7744
 328781.9321 4161450.7774
 328782.0313 4161450.7826
 328782.1289 4161450.7838
 328782.2275 4161450.7918
 328782.3261 4161450.8021
 328782.4247 4161450.8149
 328782.5233 4161450.8300
 328782.6219 4161450.8476
 328782.7212 4161450.8385
 328782.8200 4161450.8438
 328782.9188 4161450.8475
 328783.0175 4161450.8496
 328783.1163 4161450.8502
 328783.2151 4161450.8492
 328783.3162 4161450.8501
 328783.4155 4161450.8478
 328783.5149 4161450.8434
 328783.6142 4161450.8370
 328783.7136 4161450.8286
 328783.8129 4161450.8181
 328783.9125 4161450.8115
 328784.0118 4161450.8071
 328784.1112 4161450.8037
 328784.2105 4161450.8013
 328784.3099 4161450.8001
 328784.4092 4161450.7999
 328784.5085 4161450.8007
 328784.6083 4161450.8113
