wA4B4
  3.90   3.90
 328761.6797 4161450.6799
 328761.6774 4161450.7799
 328761.6751 4161450.8799
 328761.6727 4161450.9798
 328761.6704 4161451.0798
 328761.6681 4161451.1798
 328761.6658 4161451.2798
 328761.6635 4161451.3797
 328761.6611 4161451.4797
 328761.6588 4161451.5797
 328761.6565 4161451.6796
 328761.6542 4161451.7796
 328761.6519 4161451.8796
 328761.6496 4161451.9796
 328761.6472 4161452.0795
 328761.6449 4161452.1795
 328761.6426 4161452.2795
 328761.6403 4161452.3795
 328761.6380 4161452.4794
 328761.6357 4161452.5794
 328761.6333 4161452.6794
 328761.6310 4161452.7793
 328761.6287 4161452.8793
 328761.6264 4161452.9793
 328761.6241 4161453.0793
 328761.6217 4161453.1792
 328761.6194 4161453.2792
 328761.6171 4161453.3792
 328761.6148 4161453.4792
 328761.6125 4161453.5791
 328761.6102 4161453.6791
 328761.6078 4161453.7791
 328761.6055 4161453.8791
 328761.6032 4161453.9790
 328761.6009 4161454.0790
 328761.5986 4161454.1790
 328761.5963 4161454.2789
 328761.5939 4161454.3789
 328761.5916 4161454.4789
 328761.5893 4161454.5789
