wA5A6
 23.13  39.32
 328784.6083 4161450.8113
 328784.7078 4161450.8132
 328784.8073 4161450.8150
 328784.9069 4161450.8167
 328785.0064 4161450.8183
 328785.1059 4161450.8197
 328785.2054 4161450.8173
 328785.3050 4161450.8138
 328785.4045 4161450.8092
 328785.5041 4161450.8035
 328785.6037 4161450.7967
 328785.7032 4161450.7889
 328785.8028 4161450.7799
 328785.9027 4161450.7821
 328786.0024 4161450.7794
 328786.1021 4161450.7777
 328786.2018 4161450.7768
 328786.3014 4161450.7768
 328786.4011 4161450.7778
 328786.5010 4161450.7761
 328786.6007 4161450.7769
 328786.7004 4161450.7785
 328786.8001 4161450.7810
 328786.8998 4161450.7844
 328786.9995 4161450.7886
 328787.0984 4161450.7933
 328787.1977 4161450.7961
 328787.2971 4161450.7987
 328787.3965 4161450.8012
 328787.4959 4161450.8036
 328787.5953 4161450.8058
 328787.6951 4161450.8092
 328787.7946 4161450.8110
 328787.8941 4161450.8128
 328787.9935 4161450.8146
 328788.0930 4161450.8164
 328788.1925 4161450.8181
 328788.2920 4161450.8199
 328788.3915 4161450.8082
 328788.4910 4161450.8061
 328788.5904 4161450.8037
 328788.6899 4161450.8012
 328788.7894 4161450.7984
 328788.8888 4161450.7954
 328788.9875 4161450.8122
 328789.0868 4161450.8200
 328789.1861 4161450.8291
 328789.2855 4161450.8395
 328789.3848 4161450.8512
 328789.4841 4161450.8642
 328789.5830 4161450.8729
 328789.6822 4161450.8748
 328789.7815 4161450.8739
 328789.8808 4161450.8701
 328789.9800 4161450.8635
 328790.0793 4161450.8541
 328790.1785 4161450.8419
 328790.2781 4161450.8324
 328790.3774 4161450.8266
 328790.4767 4161450.8222
 328790.5760 4161450.8190
 328790.6753 4161450.8172
 328790.7746 4161450.8166
 328790.8739 4161450.8193
 328790.9731 4161450.8183
 328791.0724 4161450.8173
 328791.1717 4161450.8163
 328791.2709 4161450.8153
 328791.3699 4161450.8172
 328791.4691 4161450.8207
 328791.5682 4161450.8260
 328791.6674 4161450.8330
 328791.7638 4161450.8420
 328791.8613 4161450.8485
 328791.9587 4161450.8545
 328792.0561 4161450.8600
 328792.1509 4161450.8685
 328792.2465 4161450.8649
 328792.3422 4161450.8560
 328792.4378 4161450.8416
 328792.5318 4161450.8287
 328792.6266 4161450.8230
 328792.7214 4161450.8210
 328792.8163 4161450.8227
 328792.9220 4161450.8180
 328793.0211 4161450.8167
 328793.1203 4161450.8149
 328793.2195 4161450.8128
 328793.3173 4161450.8160
 328793.4160 4161450.8153
 328793.5146 4161450.8136
 328793.6139 4161450.8110
 328793.7130 4161450.8096
 328793.8122 4161450.8086
 328793.9113 4161450.8080
 328794.0115 4161450.8077
 328794.1111 4161450.8072
 328794.2108 4161450.8069
 328794.3105 4161450.8066
 328794.4096 4161450.8026
 328794.5088 4161450.8005
 328794.6080 4161450.7983
 328794.7073 4161450.7961
 328794.8065 4161450.7938
 328794.9053 4161450.8035
 328795.0043 4161450.8068
 328795.1033 4161450.8104
 328795.2024 4161450.8143
 328795.3014 4161450.8187
 328795.4021 4161450.8194
 328795.5018 4161450.8210
 328795.6015 4161450.8225
 328795.7012 4161450.8242
 328795.7998 4161450.8324
 328795.8990 4161450.8381
 328795.9981 4161450.8449
 328796.0973 4161450.8529
 328796.1965 4161450.8620
 328796.2958 4161450.8572
 328796.3950 4161450.8582
 328796.4942 4161450.8583
 328796.5934 4161450.8576
 328796.6926 4161450.8561
 328796.7924 4161450.8605
 328796.8918 4161450.8638
 328796.9913 4161450.8673
 328797.0907 4161450.8713
 328797.1902 4161450.8755
 328797.2903 4161450.8773
 328797.3900 4161450.8773
 328797.4897 4161450.8757
 328797.5893 4161450.8724
 328797.6890 4161450.8675
 328797.7884 4161450.8629
 328797.8880 4161450.8581
 328797.9875 4161450.8527
 328798.0870 4161450.8465
 328798.1866 4161450.8396
 328798.2850 4161450.8271
 328798.3842 4161450.8226
 328798.4834 4161450.8193
 328798.5826 4161450.8171
 328798.6819 4161450.8161
 328798.7823 4161450.8231
 328798.8822 4161450.8246
 328798.9820 4161450.8255
 328799.0819 4161450.8259
 328799.1817 4161450.8258
 328799.2809 4161450.8287
 328799.3805 4161450.8319
 328799.4800 4161450.8361
 328799.5796 4161450.8413
 328799.6792 4161450.8474
 328799.7756 4161450.8424
 328799.8739 4161450.8442
 328799.9723 4161450.8461
 328800.0706 4161450.8479
 328800.1689 4161450.8498
 328800.2687 4161450.8524
 328800.3676 4161450.8556
 328800.4666 4161450.8586
 328800.5655 4161450.8614
 328800.6644 4161450.8641
 328800.7638 4161450.8657
 328800.8628 4161450.8665
 328800.9619 4161450.8663
 328801.0609 4161450.8651
 328801.1599 4161450.8630
 328801.2576 4161450.8680
 328801.3560 4161450.8687
 328801.4545 4161450.8695
 328801.5529 4161450.8705
 328801.6513 4161450.8716
 328801.7512 4161450.8599
 328801.8503 4161450.8589
 328801.9495 4161450.8603
 328802.0486 4161450.8641
 328802.1477 4161450.8703
 328802.2468 4161450.8790
 328802.3466 4161450.8774
 328802.4459 4161450.8813
 328802.5451 4161450.8849
 328802.6444 4161450.8883
 328802.7436 4161450.8914
 328802.8411 4161450.8977
 328802.9396 4161450.8997
 328803.0382 4161450.9002
 328803.1367 4161450.8995
 328803.2353 4161450.8974
 328803.3348 4161450.9038
 328803.4339 4161450.9047
 328803.5330 4161450.9056
 328803.6320 4161450.9064
 328803.7311 4161450.9072
 328803.8302 4161450.9080
 328803.9299 4161450.8981
 328804.0291 4161450.8953
 328804.1283 4161450.8929
 328804.2276 4161450.8909
 328804.3268 4161450.8893
 328804.4261 4161450.8881
 328804.5253 4161450.8889
 328804.6245 4161450.8897
 328804.7237 4161450.8907
 328804.8229 4161450.8919
 328804.9221 4161450.8933
 328805.0219 4161450.8947
 328805.1213 4161450.8924
 328805.2208 4161450.8883
 328805.3202 4161450.8825
 328805.4197 4161450.8750
 328805.5191 4161450.8658
 328805.6174 4161450.8802
 328805.7164 4161450.8856
 328805.8154 4161450.8937
 328805.9144 4161450.9047
 328806.0134 4161450.9183
 328806.1118 4161450.9090
 328806.2106 4161450.9058
 328806.3095 4161450.9002
 328806.4083 4161450.8923
 328806.5071 4161450.8820
 328806.6060 4161450.8693
 328806.7069 4161450.8872
 328806.8066 4161450.8893
 328806.9062 4161450.8923
 328807.0059 4161450.8962
 328807.1055 4161450.9011
 328807.2052 4161450.9002
 328807.3047 4161450.9016
 328807.4043 4161450.9029
 328807.5039 4161450.9043
 328807.6035 4161450.9057
 328807.7030 4161450.9071
