wA5B5
  3.90   3.90
 328784.6083 4161450.8113
 328784.6051 4161450.9113
 328784.6019 4161451.0112
 328784.5987 4161451.1112
 328784.5955 4161451.2111
 328784.5924 4161451.3111
 328784.5892 4161451.4110
 328784.5860 4161451.5110
 328784.5828 4161451.6109
 328784.5796 4161451.7109
 328784.5764 4161451.8108
 328784.5732 4161451.9108
 328784.5700 4161452.0107
 328784.5668 4161452.1107
 328784.5636 4161452.2106
 328784.5604 4161452.3106
 328784.5572 4161452.4105
 328784.5540 4161452.5105
 328784.5508 4161452.6104
 328784.5476 4161452.7104
 328784.5444 4161452.8103
 328784.5412 4161452.9103
 328784.5380 4161453.0102
 328784.5348 4161453.1102
 328784.5316 4161453.2101
 328784.5284 4161453.3101
 328784.5252 4161453.4100
 328784.5220 4161453.5100
 328784.5188 4161453.6099
 328784.5156 4161453.7098
 328784.5124 4161453.8098
 328784.5092 4161453.9097
 328784.5060 4161454.0097
 328784.5028 4161454.1096
 328784.4997 4161454.2096
 328784.4965 4161454.3095
 328784.4933 4161454.4095
 328784.4901 4161454.5094
 328784.4869 4161454.6094
 328784.4837 4161454.7093
