wA6B6
  4.40   4.40
 328807.7030 4161450.9071
 328807.6754 4161451.0032
 328807.6478 4161451.0993
 328807.6202 4161451.1954
 328807.5926 4161451.2916
 328807.5650 4161451.3877
 328807.5374 4161451.4838
 328807.5099 4161451.5799
 328807.4823 4161451.6760
 328807.4547 4161451.7721
 328807.4271 4161451.8683
 328807.3995 4161451.9644
 328807.3719 4161452.0605
 328807.3443 4161452.1566
 328807.3167 4161452.2527
 328807.2891 4161452.3489
 328807.2615 4161452.4450
 328807.2339 4161452.5411
 328807.2063 4161452.6372
 328807.1787 4161452.7333
 328807.1511 4161452.8294
 328807.1235 4161452.9256
 328807.0959 4161453.0217
 328807.0683 4161453.1178
 328807.0407 4161453.2139
 328807.0131 4161453.3100
 328806.9855 4161453.4061
 328806.9579 4161453.5023
 328806.9303 4161453.5984
 328806.9027 4161453.6945
 328806.8751 4161453.7906
 328806.8475 4161453.8867
 328806.8199 4161453.9828
 328806.7923 4161454.0790
 328806.7647 4161454.1751
 328806.7372 4161454.2712
 328806.7096 4161454.3673
 328806.6820 4161454.4634
 328806.6544 4161454.5595
 328806.6268 4161454.6557
 328806.5992 4161454.7518
 328806.5716 4161454.8479
 328806.5440 4161454.9440
 328806.5164 4161455.0401
 328806.4888 4161455.1362
