wA7A4
121.58 206.68
 328640.1892 4161450.6977
 328640.2890 4161450.7009
 328640.3888 4161450.7033
 328640.4885 4161450.7049
 328640.5878 4161450.7130
 328640.6874 4161450.7180
 328640.7870 4161450.7228
 328640.8866 4161450.7276
 328640.9862 4161450.7323
 328641.0858 4161450.7369
 328641.1851 4161450.7359
 328641.2846 4161450.7360
 328641.3841 4161450.7353
 328641.4836 4161450.7336
 328641.5832 4161450.7310
 328641.6808 4161450.7254
 328641.7796 4161450.7228
 328641.8785 4161450.7203
 328641.9773 4161450.7179
 328642.0762 4161450.7156
 328642.1760 4161450.7157
 328642.2751 4161450.7165
 328642.3743 4161450.7182
 328642.4734 4161450.7208
 328642.5725 4161450.7243
 328642.6715 4161450.7136
 328642.7706 4161450.7172
 328642.8697 4161450.7230
 328642.9688 4161450.7309
 328643.0678 4161450.7408
 328643.1658 4161450.7402
 328643.2645 4161450.7438
 328643.3633 4161450.7460
 328643.4620 4161450.7467
 328643.5608 4161450.7459
 328643.6595 4161450.7436
 328643.7589 4161450.7476
 328643.8579 4161450.7490
 328643.9569 4161450.7502
 328644.0559 4161450.7512
 328644.1549 4161450.7520
 328644.2554 4161450.7540
 328644.3549 4161450.7530
 328644.4545 4161450.7511
 328644.5540 4161450.7485
 328644.6535 4161450.7451
 328644.7531 4161450.7409
 328644.8528 4161450.7365
 328644.9523 4161450.7357
 328645.0518 4161450.7362
 328645.1513 4161450.7380
 328645.2509 4161450.7412
 328645.3484 4161450.7502
 328645.4471 4161450.7480
 328645.5458 4161450.7432
 328645.6445 4161450.7356
 328645.7432 4161450.7254
 328645.8432 4161450.7250
 328645.9423 4161450.7248
 328646.0413 4161450.7272
 328646.1403 4161450.7323
 328646.2394 4161450.7399
 328646.3384 4161450.7501
 328646.4391 4161450.7484
 328646.5386 4161450.7461
 328646.6381 4161450.7412
 328646.7375 4161450.7335
 328646.8370 4161450.7232
 328646.9358 4161450.7245
 328647.0350 4161450.7283
 328647.1341 4161450.7356
 328647.2332 4161450.7464
 328647.3324 4161450.7606
 328647.4315 4161450.7784
 328647.5311 4161450.7780
 328647.6302 4161450.7841
 328647.7294 4161450.7891
 328647.8285 4161450.7927
 328647.9277 4161450.7951
 328648.0272 4161450.7989
 328648.1265 4161450.8024
 328648.2258 4161450.8053
 328648.3251 4161450.8075
 328648.4244 4161450.8092
 328648.5237 4161450.8102
 328648.6231 4161450.8184
 328648.7225 4161450.8215
 328648.8218 4161450.8244
 328648.9212 4161450.8270
 328649.0205 4161450.8293
 328649.1199 4161450.8314
 328649.2193 4161450.8393
 328649.3187 4161450.8435
 328649.4181 4161450.8480
 328649.5175 4161450.8527
 328649.6169 4161450.8576
 328649.7171 4161450.8588
 328649.8169 4161450.8602
 328649.9166 4161450.8609
 328650.0163 4161450.8608
 328650.1161 4161450.8601
 328650.2158 4161450.8586
 328650.3147 4161450.8630
 328650.4140 4161450.8652
 328650.5133 4161450.8678
 328650.6126 4161450.8708
 328650.7119 4161450.8743
 328650.8112 4161450.8783
 328650.9099 4161450.8850
 328651.0089 4161450.8879
 328651.1079 4161450.8904
 328651.2070 4161450.8925
 328651.3060 4161450.8943
 328651.4071 4161450.8888
 328651.5069 4161450.8889
 328651.6067 4161450.8896
 328651.7064 4161450.8908
 328651.8062 4161450.8924
 328651.9059 4161450.8946
 328652.0052 4161450.9067
 328652.1048 4161450.9142
 328652.2044 4161450.9228
 328652.3040 4161450.9325
 328652.4036 4161450.9433
 328652.5036 4161450.9511
 328652.6033 4161450.9558
 328652.7031 4161450.9592
 328652.8029 4161450.9611
 328652.9026 4161450.9615
 328653.0024 4161450.9606
 328653.1022 4161450.9650
 328653.2020 4161450.9654
 328653.3018 4161450.9657
 328653.4015 4161450.9656
 328653.5013 4161450.9653
 328653.6005 4161450.9599
 328653.7001 4161450.9587
 328653.7996 4161450.9578
 328653.8992 4161450.9575
 328653.9987 4161450.9576
 328654.0983 4161450.9581
 328654.1978 4161450.9576
 328654.2973 4161450.9561
 328654.3969 4161450.9538
 328654.4964 4161450.9508
 328654.5960 4161450.9472
 328654.6955 4161450.9428
 328654.7954 4161450.9418
 328654.8952 4161450.9405
 328654.9949 4161450.9398
 328655.0946 4161450.9399
 328655.1943 4161450.9406
 328655.2940 4161450.9421
 328655.3937 4161450.9442
 328655.4923 4161450.9508
 328655.5917 4161450.9494
 328655.6912 4161450.9471
 328655.7906 4161450.9437
 328655.8900 4161450.9394
 328655.9893 4161450.9380
 328656.0888 4161450.9383
 328656.1882 4161450.9407
 328656.2876 4161450.9452
 328656.3870 4161450.9517
 328656.4864 4161450.9603
 328656.5863 4161450.9524
 328656.6859 4161450.9489
 328656.7854 4161450.9433
 328656.8850 4161450.9357
 328656.9845 4161450.9261
 328657.0840 4161450.9145
 328657.1844 4161450.9229
 328657.2842 4161450.9224
 328657.3840 4161450.9235
 328657.4837 4161450.9259
 328657.5835 4161450.9298
 328657.6827 4161450.9240
 328657.7822 4161450.9217
 328657.8818 4161450.9190
 328657.9813 4161450.9159
 328658.0808 4161450.9123
 328658.1804 4161450.9083
 328658.2799 4161450.9119
 328658.3794 4161450.9122
 328658.4789 4161450.9128
 328658.5785 4161450.9139
 328658.6780 4161450.9153
 328658.7775 4161450.9172
 328658.8774 4161450.9102
 328658.9770 4161450.9116
 328659.0766 4161450.9141
 328659.1762 4161450.9178
 328659.2758 4161450.9225
 328659.3755 4161450.9284
 328659.4751 4161450.9245
 328659.5747 4161450.9251
 328659.6744 4161450.9249
 328659.7740 4161450.9237
 328659.8737 4161450.9216
 328659.9733 4161450.9185
 328660.0735 4161450.9184
 328660.1734 4161450.9168
 328660.2733 4161450.9150
 328660.3731 4161450.9129
 328660.4730 4161450.9105
 328660.5729 4161450.9078
 328660.6727 4161450.9066
 328660.7725 4161450.9073
 328660.8724 4161450.9092
 328660.9722 4161450.9122
 328661.0720 4161450.9164
 328661.1719 4161450.9216
 328661.2709 4161450.9288
 328661.3704 4161450.9337
 328661.4700 4161450.9387
 328661.5695 4161450.9437
 328661.6691 4161450.9489
 328661.7686 4161450.9541
 328661.8682 4161450.9494
 328661.9678 4161450.9508
 328662.0674 4161450.9519
 328662.1670 4161450.9529
 328662.2667 4161450.9537
 328662.3663 4161450.9542
 328662.4652 4161450.9630
 328662.5647 4161450.9660
 328662.6642 4161450.9687
 328662.7637 4161450.9712
 328662.8632 4161450.9735
 328662.9626 4161450.9755
 328663.0628 4161450.9740
 328663.1626 4161450.9732
 328663.2623 4161450.9718
 328663.3620 4161450.9697
 328663.4617 4161450.9670
 328663.5615 4161450.9636
 328663.6598 4161450.9549
 328663.7590 4161450.9501
 328663.8582 4161450.9449
 328663.9575 4161450.9394
 328664.0567 4161450.9334
 328664.1559 4161450.9271
 328664.2554 4161450.9248
 328664.3547 4161450.9194
 328664.4541 4161450.9133
 328664.5534 4161450.9065
 328664.6528 4161450.8989
 328664.7521 4161450.8907
 328664.8517 4161450.8887
 328664.9511 4161450.8842
 328665.0505 4161450.8801
 328665.1499 4161450.8763
 328665.2493 4161450.8727
 328665.3487 4161450.8695
 328665.4481 4161450.8666
 328665.5475 4161450.8658
 328665.6469 4161450.8637
 328665.7463 4161450.8619
 328665.8457 4161450.8604
 328665.9451 4161450.8592
 328666.0445 4161450.8583
 328666.1432 4161450.8496
 328666.2425 4161450.8457
 328666.3418 4161450.8415
 328666.4410 4161450.8372
 328666.5403 4161450.8327
 328666.6396 4161450.8280
 328666.7400 4161450.8271
 328666.8397 4161450.8256
 328666.9395 4161450.8244
 328667.0392 4161450.8236
 328667.1390 4161450.8232
 328667.2387 4161450.8232
 328667.3384 4161450.8231
 328667.4381 4161450.8211
 328667.5378 4161450.8181
 328667.6375 4161450.8140
 328667.7372 4161450.8089
 328667.8369 4161450.8028
 328667.9365 4161450.8038
 328668.0362 4161450.8011
 328668.1359 4161450.7985
 328668.2356 4161450.7960
 328668.3353 4161450.7936
 328668.4350 4161450.7912
 328668.5343 4161450.7919
 328668.6338 4161450.7902
 328668.7333 4161450.7886
 328668.8328 4161450.7872
 328668.9323 4161450.7859
 328669.0318 4161450.7847
 328669.1310 4161450.7869
 328669.2303 4161450.7868
 328669.3296 4161450.7871
 328669.4288 4161450.7878
 328669.5281 4161450.7889
 328669.6274 4161450.7904
 328669.7267 4161450.7922
 328669.8266 4161450.7997
 328669.9260 4161450.8009
 328670.0254 4161450.8017
 328670.1248 4161450.8023
 328670.2243 4161450.8025
 328670.3237 4161450.8025
 328670.4245 4161450.8020
 328670.5244 4161450.8029
 328670.6243 4161450.8043
 328670.7243 4161450.8065
 328670.8242 4161450.8093
 328670.9241 4161450.8127
 328671.0237 4161450.8120
 328671.1235 4161450.8116
 328671.2232 4161450.8102
 328671.3230 4161450.8080
 328671.4228 4161450.8050
 328671.5226 4161450.8011
 328671.6223 4161450.8001
 328671.7221 4161450.7995
 328671.8218 4161450.7994
 328671.9216 4161450.7999
 328672.0213 4161450.8008
 328672.1210 4161450.8023
 328672.2210 4161450.7975
 328672.3209 4161450.7958
 328672.4207 4161450.7937
 328672.5206 4161450.7910
 328672.6204 4161450.7878
 328672.7203 4161450.7841
 328672.8201 4161450.7799
 328672.9199 4161450.7768
 328673.0198 4161450.7754
 328673.1197 4161450.7744
 328673.2195 4161450.7738
 328673.3194 4161450.7737
 328673.4193 4161450.7741
 328673.5192 4161450.7753
 328673.6190 4161450.7760
 328673.7189 4161450.7768
 328673.8188 4161450.7776
 328673.9186 4161450.7784
 328674.0185 4161450.7793
 328674.1186 4161450.7774
 328674.2186 4161450.7761
 328674.3186 4161450.7745
 328674.4185 4161450.7724
 328674.5185 4161450.7698
 328674.6184 4161450.7667
 328674.7183 4161450.7677
 328674.8182 4161450.7674
 328674.9181 4161450.7674
 328675.0180 4161450.7677
 328675.1179 4161450.7684
 328675.2177 4161450.7693
 328675.3174 4161450.7702
 328675.4172 4161450.7704
 328675.5170 4161450.7704
 328675.6168 4161450.7702
 328675.7166 4161450.7699
 328675.8164 4161450.7694
 328675.9163 4161450.7708
 328676.0161 4161450.7719
 328676.1160 4161450.7733
 328676.2158 4161450.7750
 328676.3156 4161450.7771
 328676.4155 4161450.7796
 328676.5147 4161450.7773
 328676.6144 4161450.7777
 328676.7140 4161450.7780
 328676.8136 4161450.7782
 328676.9133 4161450.7782
 328677.0129 4161450.7781
 328677.1129 4161450.7751
 328677.2126 4161450.7743
 328677.3124 4161450.7734
 328677.4122 4161450.7724
 328677.5119 4161450.7713
 328677.6117 4161450.7700
 328677.7118 4161450.7729
 328677.8116 4161450.7745
 328677.9115 4161450.7767
 328678.0113 4161450.7794
 328678.1112 4161450.7826
 328678.2110 4161450.7864
 328678.3111 4161450.7839
 328678.4110 4161450.7849
 328678.5109 4161450.7856
 328678.6108 4161450.7862
 328678.7107 4161450.7865
 328678.8106 4161450.7865
 328678.9104 4161450.7905
 328679.0103 4161450.7925
 328679.1102 4161450.7946
 328679.2101 4161450.7968
 328679.3100 4161450.7991
 328679.4098 4161450.8015
 328679.5097 4161450.8022
 328679.6096 4161450.8048
 328679.7094 4161450.8076
 328679.8093 4161450.8106
 328679.9092 4161450.8139
 328680.0090 4161450.8173
 328680.1089 4161450.8187
 328680.2088 4161450.8219
 328680.3086 4161450.8251
 328680.4085 4161450.8282
 328680.5083 4161450.8314
 328680.6082 4161450.8345
 328680.7078 4161450.8368
 328680.8076 4161450.8399
 328680.9074 4161450.8427
 328681.0071 4161450.8455
 328681.1069 4161450.8481
 328681.2066 4161450.8505
 328681.3064 4161450.8527
 328681.4063 4161450.8555
 328681.5061 4161450.8572
 328681.6059 4161450.8585
 328681.7057 4161450.8594
 328681.8055 4161450.8599
 328681.9056 4161450.8583
 328682.0055 4161450.8590
 328682.1053 4161450.8600
 328682.2052 4161450.8612
 328682.3051 4161450.8626
 328682.4041 4161450.8638
 328682.5036 4161450.8639
 328682.6031 4161450.8634
 328682.7025 4161450.8654
 328682.8019 4161450.8696
 328682.9013 4161450.8757
 328683.0012 4161450.8796
 328683.1009 4161450.8826
 328683.2007 4161450.8847
 328683.3004 4161450.8859
 328683.4002 4161450.8876
 328683.5000 4161450.8888
 328683.5998 4161450.8896
 328683.6996 4161450.8899
 328683.7993 4161450.8934
 328683.8990 4161450.8959
 328683.9987 4161450.8988
 328684.0985 4161450.9019
 328684.1984 4161450.9008
 328684.2982 4161450.9020
 328684.3980 4161450.9033
 328684.4978 4161450.9048
 328684.5976 4161450.9055
 328684.6974 4161450.9071
 328684.7972 4161450.9087
 328684.8970 4161450.9103
 328684.9968 4161450.9093
 328685.0966 4161450.9086
 328685.1963 4161450.9069
 328685.2960 4161450.9044
 328685.3948 4161450.9039
 328685.4942 4161450.9007
 328685.5936 4161450.8966
 328685.6930 4161450.8915
 328685.7935 4161450.8907
 328685.8934 4161450.8872
 328685.9932 4161450.8836
 328686.0931 4161450.8801
 328686.1922 4161450.8774
 328686.2918 4161450.8735
 328686.3914 4161450.8696
 328686.4910 4161450.8656
 328686.5905 4161450.8616
 328686.6900 4161450.8580
 328686.7896 4161450.8547
 328686.8891 4161450.8518
 328686.9889 4161450.8470
 328687.0886 4161450.8436
 328687.1882 4161450.8405
 328687.2879 4161450.8377
 328687.3878 4161450.8395
 328687.4875 4161450.8424
 328687.5873 4161450.8472
 328687.6871 4161450.8537
 328687.7865 4161450.8592
 328687.8862 4161450.8643
 328687.9858 4161450.8693
 328688.0854 4161450.8741
 328688.1852 4161450.8766
 328688.2850 4161450.8814
 328688.3847 4161450.8863
 328688.4844 4161450.8915
 328688.5841 4161450.8970
 328688.6837 4161450.9051
 328688.7834 4161450.9107
 328688.8831 4161450.9158
 328688.9827 4161450.9204
 328689.0824 4161450.9246
 328689.1824 4161450.9281
 328689.2821 4161450.9309
 328689.3819 4161450.9332
 328689.4817 4161450.9349
 328689.5810 4161450.9347
 328689.6805 4161450.9371
 328689.7800 4161450.9402
 328689.8795 4161450.9439
 328689.9788 4161450.9463
 328690.0782 4161450.9494
 328690.1776 4161450.9525
 328690.2769 4161450.9556
 328690.3763 4161450.9587
 328690.4759 4161450.9563
 328690.5754 4161450.9565
 328690.6748 4161450.9562
 328690.7743 4161450.9555
 328690.8746 4161450.9541
 328690.9744 4161450.9556
 328691.0743 4161450.9580
 328691.1741 4161450.9611
 328691.2740 4161450.9651
 328691.3734 4161450.9667
 328691.4730 4161450.9678
 328691.5727 4161450.9679
 328691.6723 4161450.9670
 328691.7720 4161450.9652
 328691.8715 4161450.9611
 328691.9711 4161450.9615
 328692.0708 4161450.9629
 328692.1704 4161450.9652
 328692.2701 4161450.9684
 328692.3699 4161450.9682
 328692.4696 4161450.9683
 328692.5693 4161450.9676
 328692.6690 4161450.9660
 328692.7688 4161450.9636
 328692.8688 4161450.9649
 328692.9685 4161450.9639
 328693.0683 4161450.9627
 328693.1681 4161450.9613
 328693.2682 4161450.9594
 328693.3682 4161450.9589
 328693.4681 4161450.9591
 328693.5680 4161450.9599
 328693.6679 4161450.9614
 328693.7679 4161450.9589
 328693.8678 4161450.9584
 328693.9677 4161450.9578
 328694.0676 4161450.9570
 328694.1676 4161450.9560
 328694.2675 4161450.9567
 328694.3674 4161450.9562
 328694.4673 4161450.9554
 328694.5673 4161450.9542
 328694.6672 4161450.9528
 328694.7672 4161450.9501
 328694.8672 4161450.9480
 328694.9672 4161450.9459
 328695.0672 4161450.9439
 328695.1671 4161450.9418
 328695.2662 4161450.9430
 328695.3658 4161450.9441
 328695.4655 4161450.9462
 328695.5651 4161450.9492
 328695.6646 4161450.9448
 328695.7643 4161450.9430
 328695.8639 4161450.9405
 328695.9636 4161450.9373
 328696.0632 4161450.9335
 328696.1635 4161450.9339
 328696.2634 4161450.9345
 328696.3633 4161450.9359
 328696.4632 4161450.9382
 328696.5632 4161450.9361
 328696.6631 4161450.9346
 328696.7630 4161450.9320
 328696.8630 4161450.9285
 328696.9624 4161450.9282
 328697.0620 4161450.9266
 328697.1617 4161450.9250
 328697.2613 4161450.9222
 328697.3609 4161450.9196
 328697.4605 4161450.9168
 328697.5601 4161450.9139
 328697.6590 4161450.9125
 328697.7583 4161450.9061
 328697.8576 4161450.8977
 328697.9564 4161450.8900
 328698.0555 4161450.8894
 328698.1546 4161450.8933
 328698.2539 4161450.8998
 328698.3531 4161450.9013
 328698.4523 4161450.9010
 328698.5515 4161450.8990
 328698.6512 4161450.8946
 328698.7507 4161450.8915
 328698.8501 4161450.8882
 328698.9495 4161450.8847
 328699.0497 4161450.8800
 328699.1495 4161450.8756
 328699.2493 4161450.8706
 328699.3491 4161450.8651
 328699.4486 4161450.8656
 328699.5482 4161450.8633
 328699.6479 4161450.8613
 328699.7476 4161450.8597
 328699.8476 4161450.8577
 328699.9474 4161450.8572
 328700.0472 4161450.8576
 328700.1469 4161450.8591
 328700.2466 4161450.8520
 328700.3464 4161450.8510
 328700.4461 4161450.8507
 328700.5458 4161450.8510
 328700.6455 4161450.8519
 328700.7450 4161450.8526
 328700.8447 4161450.8534
 328700.9445 4161450.8535
 328701.0442 4161450.8531
 328701.1439 4161450.8519
 328701.2436 4161450.8501
 328701.3438 4161450.8500
 328701.4437 4161450.8500
 328701.5436 4161450.8501
 328701.6436 4161450.8502
 328701.7435 4161450.8505
 328701.8417 4161450.8488
 328701.9411 4161450.8475
 328702.0404 4161450.8455
 328702.1398 4161450.8430
 328702.2391 4161450.8399
 328702.3395 4161450.8430
 328702.4392 4161450.8426
 328702.5389 4161450.8422
 328702.6387 4161450.8418
 328702.7384 4161450.8414
 328702.8385 4161450.8427
 328702.9383 4161450.8421
 328703.0380 4161450.8413
 328703.1378 4161450.8401
 328703.2376 4161450.8386
 328703.3367 4161450.8334
 328703.4363 4161450.8315
 328703.5358 4161450.8298
 328703.6353 4161450.8282
 328703.7348 4161450.8268
 328703.8350 4161450.8268
 328703.9347 4161450.8266
 328704.0345 4161450.8264
 328704.1343 4161450.8263
 328704.2340 4161450.8263
 328704.3335 4161450.8237
 328704.4332 4161450.8244
 328704.5329 4161450.8257
 328704.6326 4161450.8277
 328704.7323 4161450.8303
 328704.8324 4161450.8304
 328704.9323 4161450.8300
 328705.0322 4161450.8286
 328705.1321 4161450.8261
 328705.2320 4161450.8226
 328705.3315 4161450.8228
 328705.4312 4161450.8234
 328705.5310 4161450.8249
 328705.6307 4161450.8273
 328705.7304 4161450.8306
 328705.8300 4161450.8367
 328705.9296 4161450.8384
 328706.0293 4161450.8393
 328706.1289 4161450.8393
 328706.2286 4161450.8386
 328706.3283 4161450.8372
 328706.4280 4161450.8367
 328706.5276 4161450.8366
 328706.6273 4161450.8370
 328706.7269 4161450.8378
 328706.8266 4161450.8391
 328706.9266 4161450.8397
 328707.0264 4161450.8423
 328707.1261 4161450.8458
 328707.2259 4161450.8501
 328707.3257 4161450.8554
 328707.4253 4161450.8557
 328707.5251 4161450.8562
 328707.6248 4161450.8559
 328707.7245 4161450.8546
 328707.8242 4161450.8523
 328707.9238 4161450.8526
 328708.0235 4161450.8526
 328708.1232 4161450.8531
 328708.2229 4161450.8540
 328708.3225 4161450.8554
 328708.4222 4161450.8574
 328708.5223 4161450.8589
 328708.6222 4161450.8591
 328708.7220 4161450.8591
 328708.8219 4161450.8591
 328708.9218 4161450.8589
 328709.0216 4161450.8600
 328709.1215 4161450.8619
 328709.2213 4161450.8648
 328709.3212 4161450.8688
 328709.4211 4161450.8739
 328709.5209 4161450.8800
 328709.6207 4161450.8794
 328709.7206 4161450.8819
 328709.8204 4161450.8842
 328709.9202 4161450.8862
 328710.0201 4161450.8880
 328710.1195 4161450.8914
 328710.2191 4161450.8926
 328710.3187 4161450.8932
 328710.4183 4161450.8932
 328710.5180 4161450.8925
 328710.6176 4161450.8911
 328710.7171 4161450.8914
 328710.8166 4161450.8903
 328710.9162 4161450.8889
 328711.0157 4161450.8873
 328711.1152 4161450.8854
 328711.2148 4161450.8833
 328711.3141 4161450.8746
 328711.4136 4161450.8678
 328711.5130 4161450.8598
 328711.6125 4161450.8505
 328711.7119 4161450.8401
 328711.8116 4161450.8364
 328711.9111 4161450.8316
 328712.0107 4161450.8275
 328712.1102 4161450.8241
 328712.2097 4161450.8215
 328712.3101 4161450.8252
 328712.4100 4161450.8268
 328712.5099 4161450.8293
 328712.6098 4161450.8328
 328712.7097 4161450.8373
 328712.8095 4161450.8428
 328712.9091 4161450.8439
 328713.0089 4161450.8438
 328713.1087 4161450.8425
 328713.2084 4161450.8399
 328713.3082 4161450.8361
 328713.4076 4161450.8370
 328713.5072 4161450.8325
 328713.6068 4161450.8270
 328713.7063 4161450.8205
 328713.8059 4161450.8129
 328713.9054 4161450.8047
 328714.0050 4161450.8001
 328714.1045 4161450.7968
 328714.2040 4161450.7946
 328714.3035 4161450.7936
 328714.4031 4161450.7938
 328714.5036 4161450.7995
 328714.6035 4161450.7994
 328714.7033 4161450.7989
 328714.8032 4161450.7980
 328714.9030 4161450.7966
 328715.0023 4161450.7938
 328715.1020 4161450.7907
 328715.2017 4161450.7872
 328715.3014 4161450.7833
 328715.4011 4161450.7790
 328715.5008 4161450.7743
 328715.6007 4161450.7800
 328715.7005 4161450.7828
 328715.8003 4161450.7873
 328715.9001 4161450.7934
 328715.9998 4161450.8013
 328716.0981 4161450.7978
 328716.1973 4161450.7988
 328716.2966 4161450.7991
 328716.3958 4161450.7987
 328716.4950 4161450.7976
 328716.5942 4161450.7958
 328716.6936 4161450.7976
 328716.7928 4161450.7995
 328716.8921 4161450.8019
 328716.9913 4161450.8048
 328717.0905 4161450.8082
 328717.1898 4161450.8121
 328717.2901 4161450.8134
 328717.3897 4161450.8162
 328717.4892 4161450.8186
 328717.5888 4161450.8208
 328717.6883 4161450.8228
 328717.7884 4161450.8238
 328717.8881 4161450.8246
 328717.9879 4161450.8245
 328718.0876 4161450.8234
 328718.1873 4161450.8215
 328718.2871 4161450.8186
 328718.3872 4161450.8233
 328718.4871 4161450.8243
 328718.5870 4161450.8254
 328718.6869 4161450.8266
 328718.7868 4161450.8279
 328718.8866 4161450.8293
 328718.9863 4161450.8322
 328719.0862 4161450.8350
 328719.1860 4161450.8383
 328719.2859 4161450.8422
 328719.3857 4161450.8466
 328719.4836 4161450.8498
 328719.5829 4161450.8519
 328719.6821 4161450.8536
 328719.7814 4161450.8550
 328719.8806 4161450.8559
 328719.9799 4161450.8564
 328720.0792 4161450.8553
 328720.1785 4161450.8562
 328720.2779 4161450.8574
 328720.3772 4161450.8591
 328720.4766 4161450.8612
 328720.5768 4161450.8622
 328720.6765 4161450.8648
 328720.7762 4161450.8680
 328720.8759 4161450.8718
 328720.9756 4161450.8761
 328721.0753 4161450.8810
 328721.1756 4161450.8809
 328721.2754 4161450.8832
 328721.3753 4161450.8850
 328721.4752 4161450.8864
 328721.5750 4161450.8873
 328721.6749 4161450.8878
 328721.7742 4161450.8964
 328721.8738 4161450.9000
 328721.9734 4161450.9036
 328722.0731 4161450.9069
 328722.1727 4161450.9102
 328722.2723 4161450.9134
 328722.3717 4161450.9146
 328722.4712 4161450.9145
 328722.5708 4161450.9134
 328722.6703 4161450.9115
 328722.7698 4161450.9085
 328722.8693 4161450.9047
 328722.9685 4161450.9133
 328723.0679 4161450.9151
 328723.1673 4161450.9177
 328723.2667 4161450.9210
 328723.3661 4161450.9250
 328723.4662 4161450.9295
 328723.5659 4161450.9304
 328723.6655 4161450.9305
 328723.7652 4161450.9300
 328723.8649 4161450.9287
 328723.9645 4161450.9267
 328724.0643 4161450.9298
 328724.1640 4161450.9297
 328724.2637 4161450.9299
 328724.3633 4161450.9302
 328724.4630 4161450.9306
 328724.5627 4161450.9313
 328724.6624 4161450.9310
 328724.7620 4161450.9318
 328724.8617 4161450.9332
 328724.9614 4161450.9352
 328725.0611 4161450.9376
 328725.1608 4161450.9354
 328725.2606 4161450.9354
 328725.3603 4161450.9353
 328725.4601 4161450.9351
 328725.5598 4161450.9348
 328725.6596 4161450.9344
 328725.7594 4161450.9335
 328725.8592 4161450.9331
 328725.9590 4161450.9326
 328726.0588 4161450.9321
 328726.1586 4161450.9315
 328726.2584 4161450.9308
 328726.3583 4161450.9324
 328726.4581 4161450.9340
 328726.5578 4161450.9360
 328726.6576 4161450.9385
 328726.7574 4161450.9415
 328726.8573 4161450.9409
 328726.9571 4161450.9399
 328727.0569 4161450.9378
 328727.1567 4161450.9345
 328727.2564 4161450.9300
 328727.3562 4161450.9244
 328727.4556 4161450.9238
 328727.5552 4161450.9223
 328727.6548 4161450.9213
 328727.7544 4161450.9209
 328727.8541 4161450.9211
 328727.9537 4161450.9218
 328728.0533 4161450.9231
 328728.1533 4161450.9198
 328728.2531 4161450.9215
 328728.3528 4161450.9239
 328728.4525 4161450.9272
 328728.5522 4161450.9312
 328728.6518 4161450.9285
 328728.7515 4161450.9274
 328728.8511 4161450.9251
 328728.9508 4161450.9214
 328729.0505 4161450.9165
 328729.1501 4161450.9104
 328729.2498 4161450.9029
 328729.3492 4161450.9048
 328729.4488 4161450.9041
 328729.5485 4161450.9043
 328729.6481 4161450.9054
 328729.7477 4161450.9073
 328729.8475 4161450.9045
 328729.9472 4161450.9050
 328730.0469 4161450.9058
 328730.1466 4161450.9069
 328730.2463 4161450.9082
 328730.3460 4161450.9099
 328730.4460 4161450.9172
 328730.5458 4161450.9180
 328730.6455 4161450.9179
 328730.7453 4161450.9168
 328730.8451 4161450.9149
 328730.9449 4161450.9119
 328731.0447 4161450.9081
 328731.1443 4161450.9016
 328731.2439 4161450.9006
 328731.3436 4161450.9005
 328731.4433 4161450.9015
 328731.5430 4161450.9035
 328731.6427 4161450.9064
 328731.7417 4161450.8950
 328731.8411 4161450.8930
 328731.9405 4161450.8905
 328732.0400 4161450.8875
 328732.1394 4161450.8840
 328732.2389 4161450.8801
 328732.3393 4161450.8799
 328732.4391 4161450.8794
 328732.5388 4161450.8792
 328732.6385 4161450.8794
 328732.7383 4161450.8798
 328732.8380 4161450.8806
 328732.9383 4161450.8812
 328733.0382 4161450.8822
 328733.1381 4161450.8835
 328733.2380 4161450.8850
 328733.3379 4161450.8869
 328733.4378 4161450.8890
 328733.5377 4161450.8915
 328733.6354 4161450.8830
 328733.7348 4161450.8811
 328733.8342 4161450.8786
 328733.9336 4161450.8757
 328734.0329 4161450.8723
 328734.1323 4161450.8684
 328734.2323 4161450.8803
 328734.3320 4161450.8832
 328734.4316 4161450.8866
 328734.5313 4161450.8906
 328734.6309 4161450.8950
 328734.7306 4161450.9000
 328734.8251 4161450.8904
 328734.9233 4161450.8824
 328735.0215 4161450.8714
 328735.1198 4161450.8574
 328735.2180 4161450.8404
 328735.3162 4161450.8205
 328735.4169 4161450.8326
 328735.5159 4161450.8291
 328735.6149 4161450.8277
 328735.7140 4161450.8284
 328735.8130 4161450.8310
 328735.9120 4161450.8358
 328736.0127 4161450.8257
 328736.1121 4161450.8246
 328736.2114 4161450.8239
 328736.3108 4161450.8236
 328736.4102 4161450.8238
 328736.5096 4161450.8245
 328736.6083 4161450.8189
 328736.7074 4161450.8169
 328736.8065 4161450.8142
 328736.9056 4161450.8109
 328737.0047 4161450.8070
 328737.1038 4161450.8025
 328737.2047 4161450.8142
 328737.3044 4161450.8171
 328737.4042 4161450.8206
 328737.5039 4161450.8245
 328737.6036 4161450.8289
 328737.7033 4161450.8338
 328737.8032 4161450.8363
 328737.9029 4161450.8361
 328738.0027 4161450.8344
 328738.1024 4161450.8315
 328738.2022 4161450.8272
 328738.3019 4161450.8215
 328738.3998 4161450.8252
 328738.4989 4161450.8193
 328738.5980 4161450.8119
 328738.6972 4161450.8029
 328738.7963 4161450.7924
 328738.8954 4161450.7804
 328738.9951 4161450.7760
 328739.0945 4161450.7702
 328739.1939 4161450.7659
 328739.2932 4161450.7632
 328739.3926 4161450.7620
 328739.4920 4161450.7624
 328739.5923 4161450.7645
 328739.6921 4161450.7634
 328739.7918 4161450.7625
 328739.8915 4161450.7616
 328739.9912 4161450.7608
 328740.0909 4161450.7601
 328740.1906 4161450.7595
 328740.2903 4161450.7526
 328740.3900 4161450.7489
 328740.4897 4161450.7448
 328740.5894 4161450.7404
 328740.6891 4161450.7357
 328740.7888 4161450.7306
 328740.8881 4161450.7303
 328740.9877 4161450.7265
 328741.0872 4161450.7225
 328741.1868 4161450.7184
 328741.2863 4161450.7141
 328741.3859 4161450.7097
 328741.4851 4161450.7066
 328741.5845 4161450.7018
 328741.6839 4161450.6970
 328741.7834 4161450.6921
 328741.8828 4161450.6872
 328741.9822 4161450.6823
 328742.0824 4161450.6836
 328742.1820 4161450.6808
 328742.2817 4161450.6785
 328742.3814 4161450.6767
 328742.4810 4161450.6752
 328742.5807 4161450.6743
 328742.6802 4161450.6818
 328742.7799 4161450.6823
 328742.8796 4161450.6831
 328742.9793 4161450.6840
 328743.0790 4161450.6852
 328743.1787 4161450.6865
 328743.2786 4161450.6821
 328743.3785 4161450.6807
 328743.4783 4161450.6794
 328743.5781 4161450.6783
 328743.6780 4161450.6772
 328743.7778 4161450.6763
 328743.8773 4161450.6807
 328743.9770 4161450.6800
 328744.0767 4161450.6791
 328744.1764 4161450.6780
 328744.2762 4161450.6767
 328744.3759 4161450.6753
 328744.4754 4161450.6737
 328744.5750 4161450.6699
 328744.6746 4161450.6657
 328744.7743 4161450.6610
 328744.8739 4161450.6559
 328744.9736 4161450.6503
 328745.0726 4161450.6605
 328745.1721 4161450.6648
 328745.2716 4161450.6713
 328745.3711 4161450.6800
 328745.4707 4161450.6910
 328745.5702 4161450.7041
 328745.6656 4161450.7008
 328745.7641 4161450.7014
 328745.8626 4161450.7000
 328745.9611 4161450.6967
 328746.0596 4161450.6916
 328746.1582 4161450.6845
 328746.2592 4161450.6829
 328746.3587 4161450.6813
 328746.4582 4161450.6807
 328746.5577 4161450.6813
 328746.6572 4161450.6830
 328746.7566 4161450.6858
 328746.8571 4161450.6782
 328746.9568 4161450.6766
 328747.0566 4161450.6752
 328747.1563 4161450.6741
 328747.2560 4161450.6732
 328747.3558 4161450.6725
 328747.4545 4161450.6725
 328747.5537 4161450.6718
 328747.6530 4161450.6706
 328747.7522 4161450.6691
 328747.8515 4161450.6672
 328747.9507 4161450.6649
 328748.0500 4161450.6621
 328748.1490 4161450.6694
 328748.2481 4161450.6697
 328748.3472 4161450.6699
 328748.4463 4161450.6701
 328748.5454 4161450.6702
 328748.6444 4161450.6703
 328748.7443 4161450.6836
 328748.8436 4161450.6861
 328748.9429 4161450.6884
 328749.0423 4161450.6907
 328749.1416 4161450.6927
 328749.2410 4161450.6947
 328749.3406 4161450.6906
 328749.4400 4161450.6929
 328749.5394 4161450.6966
 328749.6388 4161450.7017
 328749.7382 4161450.7082
 328749.8376 4161450.7160
 328749.9380 4161450.7147
 328750.0377 4161450.7142
 328750.1374 4161450.7119
 328750.2371 4161450.7078
 328750.3367 4161450.7019
 328750.4364 4161450.6942
 328750.5356 4161450.6901
 328750.6351 4161450.6913
 328750.7345 4161450.6948
 328750.8339 4161450.7006
 328750.9334 4161450.7087
 328751.0328 4161450.7191
 328751.1305 4161450.7110
 328751.2293 4161450.7105
 328751.3281 4161450.7084
 328751.4269 4161450.7046
 328751.5257 4161450.6993
 328751.6245 4161450.6924
 328751.7249 4161450.6918
 328751.8244 4161450.6899
 328751.9238 4161450.6880
 328752.0233 4161450.6864
 328752.1228 4161450.6848
 328752.2222 4161450.6834
 328752.3225 4161450.6840
 328752.4223 4161450.6824
 328752.5221 4161450.6804
 328752.6218 4161450.6782
 328752.7216 4161450.6756
 328752.8203 4161450.6714
 328752.9195 4161450.6652
 328753.0187 4161450.6577
 328753.1179 4161450.6490
 328753.2171 4161450.6391
 328753.3162 4161450.6278
 328753.4147 4161450.6187
 328753.5134 4161450.6110
 328753.6122 4161450.6041
 328753.7109 4161450.5979
 328753.8097 4161450.5925
 328753.9084 4161450.5878
 328754.0084 4161450.5915
 328754.1075 4161450.5896
 328754.2066 4161450.5879
 328754.3057 4161450.5867
 328754.4048 4161450.5858
 328754.5054 4161450.5853
 328754.6051 4161450.5849
 328754.7048 4161450.5852
 328754.8045 4161450.5862
 328754.9042 4161450.5879
 328755.0033 4161450.5824
 328755.1027 4161450.5792
 328755.2021 4161450.5753
 328755.3016 4161450.5708
 328755.4010 4161450.5657
 328755.5009 4161450.5688
 328755.6005 4161450.5696
 328755.7002 4161450.5714
 328755.7999 4161450.5743
 328755.8996 4161450.5783
 328755.9992 4161450.5833
 328756.0996 4161450.5805
 328756.1996 4161450.5799
 328756.2995 4161450.5787
 328756.3994 4161450.5769
 328756.4994 4161450.5744
 328756.5993 4161450.5713
 328756.6991 4161450.5755
 328756.7990 4161450.5760
 328756.8990 4161450.5771
 328756.9989 4161450.5785
 328757.0988 4161450.5805
 328757.1982 4161450.5755
 328757.2979 4161450.5756
 328757.3977 4161450.5761
 328757.4975 4161450.5769
 328757.5972 4161450.5782
 328757.6972 4161450.5795
 328757.7971 4161450.5806
 328757.8970 4161450.5815
 328757.9968 4161450.5822
 328758.0967 4161450.5827
 328758.1966 4161450.5830
 328758.2962 4161450.5801
 328758.3960 4161450.5784
 328758.4958 4161450.5761
 328758.5956 4161450.5731
 328758.6953 4161450.5695
 328758.7951 4161450.5653
 328758.8942 4161450.5726
 328758.9937 4161450.5730
 328759.0933 4161450.5735
 328759.1929 4161450.5740
 328759.2925 4161450.5746
 328759.3921 4161450.5752
 328759.4907 4161450.5799
 328759.5900 4161450.5865
 328759.6893 4161450.5953
 328759.7886 4161450.6062
 328759.8879 4161450.6193
 328759.9872 4161450.6235
 328760.0865 4161450.6276
 328760.1859 4161450.6299
 328760.2852 4161450.6302
 328760.3845 4161450.6286
 328760.4839 4161450.6251
 328760.5845 4161450.6292
 328760.6843 4161450.6300
 328760.7841 4161450.6307
 328760.8839 4161450.6313
 328760.9837 4161450.6319
 328761.0835 4161450.6324
 328761.1822 4161450.6429
 328761.2817 4161450.6484
 328761.3812 4161450.6548
 328761.4807 4161450.6622
 328761.5802 4161450.6706
 328761.6797 4161450.6799
