wA7B7
  3.60   3.60
 328640.1892 4161450.6977
 328640.1854 4161450.7976
 328640.1816 4161450.8976
 328640.1777 4161450.9975
 328640.1739 4161451.0974
 328640.1701 4161451.1973
 328640.1663 4161451.2973
 328640.1625 4161451.3972
 328640.1587 4161451.4971
 328640.1549 4161451.5970
 328640.1510 4161451.6970
 328640.1472 4161451.7969
 328640.1434 4161451.8968
 328640.1396 4161451.9968
 328640.1358 4161452.0967
 328640.1320 4161452.1966
 328640.1281 4161452.2965
 328640.1243 4161452.3965
 328640.1205 4161452.4964
 328640.1167 4161452.5963
 328640.1129 4161452.6962
 328640.1091 4161452.7962
 328640.1053 4161452.8961
 328640.1014 4161452.9960
 328640.0976 4161453.0960
 328640.0938 4161453.1959
 328640.0900 4161453.2958
 328640.0862 4161453.3957
 328640.0824 4161453.4957
 328640.0785 4161453.5956
 328640.0747 4161453.6955
 328640.0709 4161453.7954
 328640.0671 4161453.8954
 328640.0633 4161453.9953
 328640.0595 4161454.0952
 328640.0556 4161454.1951
 328640.0518 4161454.2951
