wB1B2
 48.79  28.70
 328496.8766 4161466.3218
 328496.9762 4161466.3220
 328497.0757 4161466.3225
 328497.1753 4161466.3224
 328497.2749 4161466.3217
 328497.3746 4161466.3207
 328497.4742 4161466.3149
 328497.5737 4161466.3117
 328497.6742 4161466.3091
 328497.7730 4161466.3141
 328497.8717 4161466.3166
 328497.9705 4161466.3165
 328498.0694 4161466.3137
 328498.1679 4161466.3042
 328498.2665 4161466.2945
 328498.3651 4161466.2846
 328498.4631 4161466.2695
 328498.5621 4161466.2607
 328498.6610 4161466.2538
 328498.7600 4161466.2486
 328498.8582 4161466.2466
 328498.9577 4161466.2485
 328499.0573 4161466.2494
 328499.1568 4161466.2491
 328499.2563 4161466.2477
 328499.3566 4161466.2472
 328499.4557 4161466.2433
 328499.5548 4161466.2398
 328499.6538 4161466.2367
 328499.7529 4161466.2339
 328499.8522 4161466.2345
 328499.9513 4161466.2288
 328500.0504 4161466.2244
 328500.1495 4161466.2213
 328500.2486 4161466.2195
 328500.3482 4161466.2161
 328500.4472 4161466.2195
 328500.5462 4161466.2210
 328500.6451 4161466.2206
 328500.7441 4161466.2182
 328500.8427 4161466.2109
 328500.9421 4161466.2038
 328501.0415 4161466.1978
 328501.1410 4161466.1928
 328501.2400 4161466.1885
 328501.3396 4161466.1867
 328501.4393 4161466.1845
 328501.5390 4161466.1818
 328501.6386 4161466.1786
 328501.7384 4161466.1730
 328501.8379 4161466.1693
 328501.9375 4161466.1653
 328502.0371 4161466.1611
 328502.1367 4161466.1566
 328502.2361 4161466.1525
 328502.3358 4161466.1465
 328502.4354 4161466.1405
 328502.5351 4161466.1345
 328502.6348 4161466.1285
 328502.7345 4161466.1210
 328502.8341 4161466.1166
 328502.9337 4161466.1115
 328503.0333 4161466.1055
 328503.1329 4161466.0987
 328503.2326 4161466.0915
 328503.3322 4161466.0828
 328503.4317 4161466.0744
 328503.5313 4161466.0665
 328503.6309 4161466.0590
 328503.7306 4161466.0543
 328503.8301 4161466.0477
 328503.9297 4161466.0409
 328504.0292 4161466.0338
 328504.1288 4161466.0266
 328504.2282 4161466.0205
 328504.3278 4161466.0099
 328504.4274 4161466.0006
 328504.5270 4161465.9927
 328504.6262 4161465.9829
 328504.7259 4161465.9800
 328504.8256 4161465.9765
 328504.9253 4161465.9722
 328505.0250 4161465.9672
 328505.1248 4161465.9600
 328505.2242 4161465.9518
 328505.3236 4161465.9438
 328505.4229 4161465.9361
 328505.5223 4161465.9286
 328505.6210 4161465.9173
 328505.7207 4161465.9129
 328505.8203 4161465.9079
 328505.9199 4161465.9021
 328506.0196 4161465.8957
 328506.1194 4161465.8878
 328506.2189 4161465.8809
 328506.3184 4161465.8737
 328506.4179 4161465.8660
 328506.5175 4161465.8626
 328506.6171 4161465.8502
 328506.7166 4161465.8397
 328506.8161 4161465.8309
 328506.9157 4161465.8238
 328507.0152 4161465.8192
 328507.1148 4161465.8180
 328507.2144 4161465.8159
 328507.3141 4161465.8128
 328507.4137 4161465.8088
 328507.5134 4161465.8049
 328507.6131 4161465.7978
 328507.7127 4161465.7909
 328507.8123 4161465.7842
 328507.9120 4161465.7776
 328508.0117 4161465.7733
 328508.1113 4161465.7653
 328508.2110 4161465.7582
 328508.3106 4161465.7520
 328508.4101 4161465.7446
 328508.5098 4161465.7428
 328508.6095 4161465.7407
 328508.7093 4161465.7383
 328508.8090 4161465.7356
 328508.9085 4161465.7370
 328509.0084 4161465.7312
 328509.1083 4161465.7261
 328509.2082 4161465.7217
 328509.3081 4161465.7181
 328509.4081 4161465.7180
 328509.5079 4161465.7134
 328509.6077 4161465.7095
 328509.7075 4161465.7061
 328509.8072 4161465.7034
 328509.9072 4161465.6964
 328510.0068 4161465.6984
 328510.1064 4161465.6985
 328510.2061 4161465.6967
 328510.3057 4161465.6930
 328510.4056 4161465.6828
 328510.5051 4161465.6766
 328510.6045 4161465.6706
 328510.7040 4161465.6646
 328510.8035 4161465.6588
 328510.9028 4161465.6547
 328511.0025 4161465.6491
 328511.1022 4161465.6438
 328511.2019 4161465.6388
 328511.3016 4161465.6341
 328511.4013 4161465.6312
 328511.5011 4161465.6258
 328511.6008 4161465.6207
 328511.7005 4161465.6158
 328511.8011 4161465.6098
 328511.9003 4161465.6063
 328511.9996 4161465.6026
 328512.0988 4161465.5989
 328512.1981 4161465.5951
 328512.2974 4161465.5929
 328512.3966 4161465.5882
 328512.4958 4161465.5831
 328512.5950 4161465.5775
 328512.6942 4161465.5714
 328512.7927 4161465.5651
 328512.8924 4161465.5566
 328512.9920 4161465.5488
 328513.0917 4161465.5417
 328513.1912 4161465.5340
 328513.2909 4161465.5299
 328513.3905 4161465.5253
 328513.4902 4161465.5202
 328513.5899 4161465.5146
 328513.6897 4161465.5107
 328513.7893 4161465.5027
 328513.8889 4161465.4950
 328513.9885 4161465.4876
 328514.0881 4161465.4805
 328514.1878 4161465.4778
 328514.2873 4161465.4689
 328514.3868 4161465.4603
 328514.4864 4161465.4519
 328514.5859 4161465.4438
 328514.6853 4161465.4354
 328514.7849 4161465.4269
 328514.8844 4161465.4194
 328514.9840 4161465.4131
 328515.0836 4161465.4078
 328515.1830 4161465.4014
 328515.2827 4161465.4010
 328515.3824 4161465.3999
 328515.4821 4161465.3982
 328515.5818 4161465.3960
 328515.6814 4161465.3932
 328515.7811 4161465.3899
 328515.8808 4161465.3854
 328515.9804 4161465.3802
 328516.0801 4161465.3745
 328516.1798 4161465.3681
 328516.2798 4161465.3610
 328516.3791 4161465.3531
 328516.4784 4161465.3447
 328516.5777 4161465.3360
 328516.6770 4161465.3269
 328516.7763 4161465.3173
 328516.8757 4161465.3053
 328516.9751 4161465.2950
 328517.0745 4161465.2864
 328517.1738 4161465.2794
 328517.2732 4161465.2760
 328517.3724 4161465.2698
 328517.4716 4161465.2637
 328517.5709 4161465.2578
 328517.6691 4161465.2463
 328517.7686 4161465.2429
 328517.8682 4161465.2389
 328517.9677 4161465.2343
 328518.0672 4161465.2292
 328518.1669 4161465.2224
 328518.2663 4161465.2160
 328518.3656 4161465.2088
 328518.4650 4161465.2007
 328518.5644 4161465.1919
 328518.6645 4161465.1846
 328518.7632 4161465.1691
 328518.8620 4161465.1546
 328518.9607 4161465.1412
 328519.0595 4161465.1288
 328519.1575 4161465.1106
 328519.2566 4161465.1054
 328519.3557 4161465.0995
 328519.4548 4161465.0928
 328519.5539 4161465.0854
 328519.6539 4161465.0846
 328519.7524 4161465.0710
 328519.8508 4161465.0573
 328519.9492 4161465.0435
 328520.0477 4161465.0295
 328520.1452 4161465.0103
 328520.2440 4161464.9993
 328520.3429 4161464.9880
 328520.4417 4161464.9762
 328520.5405 4161464.9641
 328520.6397 4161464.9546
 328520.7384 4161464.9406
 328520.8371 4161464.9267
 328520.9358 4161464.9129
 328521.0345 4161464.8991
 328521.1332 4161464.8854
 328521.2319 4161464.8717
 328521.3305 4161464.8604
 328521.4292 4161464.8447
 328521.5280 4161464.8304
 328521.6267 4161464.8173
 328521.7254 4161464.8056
 328521.8238 4161464.7967
 328521.9228 4161464.7888
 328522.0218 4161464.7793
 328522.1208 4161464.7684
 328522.2198 4161464.7560
 328522.3191 4161464.7392
 328522.4178 4161464.7225
 328522.5166 4161464.7069
 328522.6153 4161464.6926
 328522.7140 4161464.6794
 328522.8131 4161464.6655
 328522.9117 4161464.6577
 328523.0103 4161464.6486
 328523.1089 4161464.6381
 328523.2076 4161464.6262
 328523.3065 4161464.6123
 328523.4049 4161464.5950
 328523.5034 4161464.5788
 328523.6019 4161464.5637
 328523.7004 4161464.5497
 328523.7977 4161464.5312
 328523.8969 4161464.5252
 328523.9960 4161464.5185
 328524.0952 4161464.5109
 328524.1943 4161464.5026
 328524.2935 4161464.4935
 328524.3936 4161464.4899
 328524.4920 4161464.4740
 328524.5904 4161464.4586
 328524.6887 4161464.4436
 328524.7871 4161464.4290
 328524.8838 4161464.4103
 328524.9829 4161464.3983
 328525.0819 4161464.3864
 328525.1809 4161464.3747
 328525.2799 4161464.3631
 328525.3789 4161464.3517
 328525.4778 4161464.3394
