wB2B3
 80.82  47.54
 328525.4778 4161464.3394
 328525.5769 4161464.3302
 328525.6760 4161464.3206
 328525.7751 4161464.3106
 328525.8742 4161464.3003
 328525.9733 4161464.2895
 328526.0729 4161464.2804
 328526.1719 4161464.2681
 328526.2709 4161464.2564
 328526.3698 4161464.2455
 328526.4688 4161464.2353
 328526.5680 4161464.2308
 328526.6668 4161464.2197
 328526.7657 4161464.2085
 328526.8645 4161464.1971
 328526.9633 4161464.1856
 328527.0622 4161464.1738
 328527.1602 4161464.1546
 328527.2594 4161464.1462
 328527.3585 4161464.1373
 328527.4577 4161464.1279
 328527.5569 4161464.1179
 328527.6566 4161464.1126
 328527.7557 4161464.0981
 328527.8547 4161464.0848
 328527.9537 4161464.0727
 328528.0527 4161464.0618
 328528.1517 4161464.0521
 328528.2516 4161464.0474
 328528.3500 4161464.0401
 328528.4485 4161464.0310
 328528.5469 4161464.0201
 328528.6453 4161464.0075
 328528.7434 4161463.9884
 328528.8420 4161463.9749
 328528.9406 4161463.9617
 328529.0393 4161463.9488
 328529.1379 4161463.9362
 328529.2364 4161463.9283
 328529.3352 4161463.9163
 328529.4339 4161463.9042
 328529.5326 4161463.8917
 328529.6313 4161463.8789
 328529.7301 4161463.8658
 328529.8294 4161463.8572
 328529.9278 4161463.8410
 328530.0262 4161463.8250
 328530.1246 4161463.8092
 328530.2231 4161463.7936
 328530.3209 4161463.7779
 328530.4196 4161463.7630
 328530.5183 4161463.7480
 328530.6169 4161463.7329
 328530.7156 4161463.7177
 328530.8143 4161463.7023
 328530.9129 4161463.6864
 328531.0116 4161463.6700
 328531.1103 4161463.6545
 328531.2090 4161463.6398
 328531.3078 4161463.6260
 328531.4065 4161463.6130
 328531.5055 4161463.6069
 328531.6035 4161463.5896
 328531.7015 4161463.5730
 328531.7996 4161463.5571
 328531.8976 4161463.5419
 328531.9956 4161463.5274
 328532.0920 4161463.5059
 328532.1902 4161463.4961
 328532.2883 4161463.4849
 328532.3864 4161463.4721
 328532.4846 4161463.4577
 328532.5827 4161463.4419
 328532.6802 4161463.4181
 328532.7786 4161463.4010
 328532.8770 4161463.3847
 328532.9754 4161463.3691
 328533.0738 4161463.3542
 328533.1723 4161463.3410
 328533.2710 4161463.3301
 328533.3697 4161463.3189
 328533.4684 4161463.3075
 328533.5671 4161463.2957
 328533.6671 4161463.2882
 328533.7652 4161463.2750
 328533.8634 4161463.2618
 328533.9616 4161463.2488
 328534.0598 4161463.2359
 328534.1580 4161463.2231
 328534.2554 4161463.2127
 328534.3541 4161463.2009
 328534.4529 4161463.1893
 328534.5516 4161463.1780
 328534.6503 4161463.1670
 328534.7489 4161463.1620
 328534.8478 4161463.1493
 328534.9468 4161463.1370
 328535.0458 4161463.1250
 328535.1447 4161463.1133
 328535.2443 4161463.1009
 328535.3430 4161463.0932
 328535.4417 4161463.0847
 328535.5404 4161463.0755
 328535.6392 4161463.0656
 328535.7377 4161463.0617
 328535.8367 4161463.0470
 328535.9357 4161463.0332
 328536.0347 4161463.0201
 328536.1337 4161463.0078
 328536.2327 4161462.9964
 328536.3316 4161462.9896
 328536.4306 4161462.9760
 328536.5296 4161462.9635
 328536.6285 4161462.9518
 328536.7275 4161462.9411
 328536.8264 4161462.9273
 328536.9254 4161462.9222
 328537.0244 4161462.9165
 328537.1234 4161462.9103
 328537.2245 4161462.9077
 328537.3226 4161462.8991
 328537.4207 4161462.8891
 328537.5187 4161462.8778
 328537.6168 4161462.8650
 328537.7150 4161462.8528
 328537.8132 4161462.8337
 328537.9113 4161462.8158
 328538.0094 4161462.7989
 328538.1075 4161462.7832
 328538.2057 4161462.7704
 328538.3036 4161462.7550
 328538.4016 4161462.7404
 328538.4996 4161462.7267
 328538.5976 4161462.7138
 328538.6939 4161462.6976
 328538.7926 4161462.6878
 328538.8914 4161462.6777
 328538.9901 4161462.6673
 328539.0889 4161462.6565
 328539.1873 4161462.6410
 328539.2863 4161462.6307
 328539.3852 4161462.6203
 328539.4842 4161462.6096
 328539.5831 4161462.5988
 328539.6821 4161462.5854
 328539.7811 4161462.5760
 328539.8802 4161462.5661
 328539.9792 4161462.5555
 328540.0783 4161462.5442
 328540.1773 4161462.5324
 328540.2771 4161462.5192
 328540.3759 4161462.5073
 328540.4748 4161462.4952
 328540.5737 4161462.4830
 328540.6725 4161462.4707
 328540.7714 4161462.4583
 328540.8707 4161462.4497
 328540.9694 4161462.4349
 328541.0681 4161462.4203
 328541.1668 4161462.4059
 328541.2655 4161462.3917
 328541.3635 4161462.3709
 328541.4627 4161462.3621
 328541.5619 4161462.3529
 328541.6610 4161462.3432
 328541.7602 4161462.3331
 328541.8600 4161462.3304
 328541.9588 4161462.3145
 328542.0577 4161462.2991
 328542.1565 4161462.2845
 328542.2554 4161462.2704
 328542.3538 4161462.2534
 328542.4529 4161462.2440
 328542.5519 4161462.2335
 328542.6510 4161462.2220
 328542.7500 4161462.2094
 328542.8491 4161462.1946
 328542.9482 4161462.1795
 328543.0472 4161462.1654
 328543.1463 4161462.1523
 328543.2453 4161462.1402
 328543.3445 4161462.1319
 328543.4432 4161462.1193
 328543.5419 4161462.1062
 328543.6406 4161462.0926
 328543.7393 4161462.0787
 328543.8377 4161462.0606
 328543.9364 4161462.0476
 328544.0352 4161462.0346
 328544.1340 4161462.0215
 328544.2328 4161462.0084
 328544.3320 4161461.9949
 328544.4305 4161461.9842
 328544.5291 4161461.9731
 328544.6276 4161461.9617
 328544.7261 4161461.9499
 328544.8240 4161461.9431
 328544.9231 4161461.9278
 328545.0222 4161461.9135
 328545.1213 4161461.9004
 328545.2203 4161461.8883
 328545.3190 4161461.8802
 328545.4184 4161461.8705
 328545.5178 4161461.8607
 328545.6172 4161461.8508
 328545.7166 4161461.8410
 328545.8163 4161461.8317
 328545.9155 4161461.8215
 328546.0147 4161461.8111
 328546.1139 4161461.8004
 328546.2131 4161461.7893
 328546.3125 4161461.7756
 328546.4116 4161461.7655
 328546.5107 4161461.7551
 328546.6098 4161461.7444
 328546.7089 4161461.7332
 328546.8080 4161461.7218
 328546.9071 4161461.7106
 328547.0063 4161461.6991
 328547.1056 4161461.6876
 328547.2048 4161461.6760
 328547.3040 4161461.6644
 328547.4040 4161461.6553
 328547.5024 4161461.6399
 328547.6008 4161461.6253
 328547.6991 4161461.6116
 328547.7973 4161461.5923
 328547.8959 4161461.5850
 328547.9944 4161461.5766
 328548.0929 4161461.5672
 328548.1914 4161461.5567
 328548.2903 4161461.5491
 328548.3888 4161461.5335
 328548.4873 4161461.5184
 328548.5857 4161461.5037
 328548.6842 4161461.4896
 328548.7826 4161461.4781
 328548.8811 4161461.4640
 328548.9796 4161461.4501
 328549.0781 4161461.4363
 328549.1765 4161461.4227
 328549.2744 4161461.4071
 328549.3732 4161461.3955
 328549.4720 4161461.3839
 328549.5708 4161461.3724
 328549.6696 4161461.3608
 328549.7683 4161461.3511
 328549.8673 4161461.3395
 328549.9663 4161461.3280
 328550.0653 4161461.3164
 328550.1643 4161461.3049
 328550.2634 4161461.2952
 328550.3626 4161461.2843
 328550.4619 4161461.2738
 328550.5611 4161461.2636
 328550.6604 4161461.2539
 328550.7597 4161461.2486
 328550.8591 4161461.2382
 328550.9585 4161461.2280
 328551.0579 4161461.2181
 328551.1573 4161461.2084
 328551.2569 4161461.2003
 328551.3563 4161461.1902
 328551.4556 4161461.1808
 328551.5549 4161461.1719
 328551.6543 4161461.1637
 328551.7540 4161461.1573
 328551.8531 4161461.1513
 328551.9522 4161461.1438
 328552.0513 4161461.1350
 328552.1509 4161461.1253
 328552.2497 4161461.1121
 328552.3485 4161461.0989
 328552.4474 4161461.0858
 328552.5462 4161461.0728
 328552.6448 4161461.0562
 328552.7440 4161461.0469
 328552.8431 4161461.0375
 328552.9423 4161461.0280
 328553.0414 4161461.0182
 328553.1414 4161461.0114
 328553.2401 4161461.0019
 328553.3388 4161460.9917
 328553.4375 4161460.9809
 328553.5362 4161460.9694
 328553.6346 4161460.9611
 328553.7334 4161460.9466
 328553.8323 4161460.9323
 328553.9311 4161460.9183
 328554.0300 4161460.9045
 328554.1289 4161460.8924
 328554.2279 4161460.8801
 328554.3269 4161460.8678
 328554.4260 4161460.8554
 328554.5250 4161460.8431
 328554.6249 4161460.8338
 328554.7235 4161460.8213
 328554.8221 4161460.8076
 328554.9207 4161460.7929
 328555.0192 4161460.7771
 328555.1179 4161460.7591
 328555.2167 4161460.7399
 328555.3156 4161460.7229
 328555.4145 4161460.7083
 328555.5133 4161460.6959
 328555.6122 4161460.6884
 328555.7109 4161460.6804
 328555.8096 4161460.6709
 328555.9083 4161460.6598
 328556.0070 4161460.6388
 328556.1055 4161460.6272
 328556.2039 4161460.6145
 328556.3024 4161460.6008
 328556.4008 4161460.5859
 328556.4998 4161460.5683
 328556.5975 4161460.5503
 328556.6952 4161460.5317
 328556.7930 4161460.5125
 328556.8914 4161460.4908
 328556.9884 4161460.4705
 328557.0855 4161460.4496
 328557.1825 4161460.4278
 328557.2796 4161460.4054
 328557.3768 4161460.3793
 328557.4739 4161460.3577
 328557.5710 4161460.3357
 328557.6680 4161460.3132
 328557.7651 4161460.2903
 328557.8629 4161460.2720
 328557.9598 4161460.2452
 328558.0567 4161460.2190
 328558.1536 4161460.1934
 328558.2505 4161460.1685
 328558.3467 4161460.1444
 328558.4440 4161460.1212
 328558.5413 4161460.0981
 328558.6387 4161460.0750
 328558.7360 4161460.0520
 328558.8328 4161460.0277
 328558.9304 4161460.0055
 328559.0279 4161459.9834
 328559.1255 4161459.9614
 328559.2230 4161459.9396
 328559.3206 4161459.9179
 328559.4179 4161459.8959
 328559.5156 4161459.8746
 328559.6132 4161459.8534
 328559.7109 4161459.8321
 328559.8085 4161459.8109
 328559.9066 4161459.7875
 328560.0040 4161459.7681
 328560.1014 4161459.7483
 328560.1988 4161459.7280
 328560.2962 4161459.7073
 328560.3942 4161459.6863
 328560.4914 4161459.6641
 328560.5885 4161459.6419
 328560.6857 4161459.6197
 328560.7828 4161459.5973
 328560.8799 4161459.5749
 328560.9771 4161459.5505
 328561.0741 4161459.5287
 328561.1710 4161459.5069
 328561.2679 4161459.4850
 328561.3644 4161459.4587
 328561.4617 4161459.4402
 328561.5589 4161459.4209
 328561.6562 4161459.4008
 328561.7534 4161459.3798
 328561.8517 4161459.3607
 328561.9486 4161459.3367
 328562.0455 4161459.3130
 328562.1425 4161459.2893
 328562.2394 4161459.2659
 328562.3362 4161459.2475
 328562.4333 4161459.2215
 328562.5305 4161459.1963
 328562.6276 4161459.1719
 328562.7247 4161459.1483
 328562.8206 4161459.1259
 328562.9187 4161459.1042
 328563.0169 4161459.0835
 328563.1151 4161459.0639
 328563.2133 4161459.0452
 328563.3103 4161459.0308
 328563.4093 4161459.0116
 328563.5082 4161458.9941
 328563.6072 4161458.9783
 328563.7062 4161458.9643
 328563.8038 4161458.9473
 328563.9035 4161458.9412
 328564.0032 4161458.9351
 328564.1029 4161458.9291
 328564.2026 4161458.9230
 328564.3024 4161458.9201
 328564.4020 4161458.9131
 328564.5016 4161458.9067
 328564.6013 4161458.9008
 328564.7009 4161458.8956
 328564.8005 4161458.8910
 328564.8999 4161458.8897
 328564.9997 4161458.8856
 328565.0995 4161458.8818
 328565.1994 4161458.8783
 328565.2992 4161458.8751
 328565.3994 4161458.8742
 328565.4990 4161458.8711
 328565.5986 4161458.8675
 328565.6982 4161458.8635
 328565.7978 4161458.8591
 328565.8972 4161458.8538
 328565.9970 4161458.8476
 328566.0967 4161458.8422
 328566.1965 4161458.8374
 328566.2962 4161458.8333
 328566.3960 4161458.8296
 328566.4958 4161458.8283
 328566.5955 4161458.8266
 328566.6953 4161458.8244
 328566.7951 4161458.8217
 328566.8949 4161458.8186
 328566.9946 4161458.8160
 328567.0945 4161458.8099
 328567.1944 4161458.8051
 328567.2942 4161458.8015
 328567.3941 4161458.7991
 328567.4939 4161458.7978
 328567.5938 4161458.8006
 328567.6937 4161458.8028
 328567.7936 4161458.8045
 328567.8935 4161458.8056
 328567.9935 4161458.8099
 328568.0934 4161458.8078
 328568.1932 4161458.8058
 328568.2931 4161458.8040
 328568.3930 4161458.8024
 328568.4928 4161458.8009
 328568.5927 4161458.8001
 328568.6926 4161458.7994
 328568.7925 4161458.7986
 328568.8923 4161458.7977
 328568.9922 4161458.7967
 328569.0921 4161458.7956
 328569.1918 4161458.7963
 328569.2918 4161458.7942
 328569.3918 4161458.7921
 328569.4917 4161458.7901
 328569.5917 4161458.7880
 328569.6917 4161458.7859
 328569.7919 4161458.7843
 328569.8917 4161458.7812
 328569.9915 4161458.7782
 328570.0913 4161458.7753
 328570.1912 4161458.7724
 328570.2910 4161458.7696
 328570.3908 4161458.7634
 328570.4906 4161458.7629
 328570.5904 4161458.7616
 328570.6902 4161458.7595
 328570.7900 4161458.7566
 328570.8898 4161458.7530
 328570.9896 4161458.7464
 328571.0893 4161458.7402
 328571.1891 4161458.7344
 328571.2889 4161458.7290
 328571.3887 4161458.7240
 328571.4883 4161458.7162
 328571.5881 4161458.7136
 328571.6879 4161458.7105
 328571.7877 4161458.7068
 328571.8875 4161458.7026
 328571.9873 4161458.6948
 328572.0871 4161458.6904
 328572.1868 4161458.6858
 328572.2865 4161458.6808
 328572.3863 4161458.6757
 328572.4860 4161458.6702
 328572.5860 4161458.6651
