wB3B7
114.99  67.64
 328572.5860 4161458.6651
 328572.6856 4161458.6588
 328572.7852 4161458.6525
 328572.8848 4161458.6463
 328572.9844 4161458.6401
 328573.0841 4161458.6349
 328573.1836 4161458.6282
 328573.2831 4161458.6217
 328573.3826 4161458.6156
 328573.4821 4161458.6097
 328573.5814 4161458.6052
 328573.6810 4161458.5997
 328573.7806 4161458.5934
 328573.8801 4161458.5866
 328573.9797 4161458.5791
 328574.0793 4161458.5697
 328574.1788 4161458.5610
 328574.2782 4161458.5521
 328574.3777 4161458.5431
 328574.4771 4161458.5338
 328574.5766 4161458.5233
 328574.6760 4161458.5149
 328574.7755 4161458.5064
 328574.8750 4161458.4977
 328574.9744 4161458.4889
 328575.0740 4161458.4815
 328575.1734 4161458.4719
 328575.2729 4161458.4623
 328575.3723 4161458.4527
 328575.4717 4161458.4432
 328575.5711 4161458.4353
 328575.6706 4161458.4241
 328575.7700 4161458.4134
 328575.8695 4161458.4034
 328575.9690 4161458.3940
 328576.0684 4161458.3836
 328576.1679 4161458.3776
 328576.2674 4161458.3709
 328576.3669 4161458.3637
 328576.4664 4161458.3557
 328576.5659 4161458.3472
 328576.6655 4161458.3374
 328576.7650 4161458.3289
 328576.8645 4161458.3203
 328576.9640 4161458.3116
 328577.0634 4161458.3028
 328577.1630 4161458.2966
 328577.2625 4161458.2860
 328577.3620 4161458.2759
 328577.4615 4161458.2661
 328577.5610 4161458.2567
 328577.6604 4161458.2458
 328577.7599 4161458.2386
 328577.8593 4161458.2309
 328577.9588 4161458.2227
 328578.0582 4161458.2140
 328578.1577 4161458.2049
 328578.2570 4161458.1920
 328578.3566 4161458.1837
 328578.4561 4161458.1755
 328578.5557 4161458.1675
 328578.6553 4161458.1596
 328578.7547 4161458.1559
 328578.8544 4161458.1455
 328578.9540 4161458.1359
 328579.0536 4161458.1270
 328579.1532 4161458.1189
 328579.2528 4161458.1116
 328579.3523 4161458.1039
 328579.4519 4161458.0993
 328579.5514 4161458.0940
 328579.6510 4161458.0877
 328579.7506 4161458.0807
 328579.8502 4161458.0716
 328579.9498 4161458.0621
 328580.0493 4161458.0530
 328580.1489 4161458.0444
 328580.2485 4161458.0362
 328580.3478 4161458.0326
 328580.4475 4161458.0226
 328580.5471 4161458.0134
 328580.6468 4161458.0049
 328580.7464 4161457.9971
 328580.8460 4161457.9899
 328580.9454 4161457.9821
 328581.0451 4161457.9771
 328581.1448 4161457.9719
 328581.2445 4161457.9663
 328581.3442 4161457.9603
 328581.4440 4161457.9520
 328581.5436 4161457.9458
 328581.6432 4161457.9395
 328581.7428 4161457.9329
 328581.8424 4161457.9263
 328581.9420 4161457.9194
 328582.0417 4161457.9123
 328582.1413 4161457.9063
 328582.2409 4161457.9000
 328582.3405 4161457.8933
 328582.4401 4161457.8862
 328582.5399 4161457.8812
 328582.6394 4161457.8718
 328582.7390 4161457.8629
 328582.8385 4161457.8544
 328582.9381 4161457.8463
 328583.0376 4161457.8395
 328583.1372 4161457.8322
 328583.2368 4161457.8249
 328583.3364 4161457.8176
 328583.4360 4161457.8103
 328583.5356 4161457.8031
 328583.6351 4161457.7953
 328583.7347 4161457.7873
 328583.8344 4161457.7798
 328583.9340 4161457.7726
 328584.0337 4161457.7658
 328584.1331 4161457.7569
 328584.2329 4161457.7516
 328584.3326 4161457.7466
 328584.4324 4161457.7420
 328584.5321 4161457.7378
 328584.6319 4161457.7340
 328584.7315 4161457.7290
 328584.8314 4161457.7261
 328584.9312 4161457.7238
 328585.0311 4161457.7221
 328585.1309 4161457.7210
 328585.2309 4161457.7211
 328585.3307 4161457.7217
 328585.4305 4161457.7218
 328585.5303 4161457.7216
 328585.6302 4161457.7209
 328585.7300 4161457.7198
 328585.8300 4161457.7182
 328585.9297 4161457.7156
 328586.0294 4161457.7126
 328586.1291 4161457.7092
 328586.2288 4161457.7052
 328586.3283 4161457.7002
 328586.4281 4161457.6946
 328586.5279 4161457.6892
 328586.6277 4161457.6840
 328586.7275 4161457.6790
 328586.8273 4161457.6742
 328586.9273 4161457.6701
 328587.0269 4161457.6650
 328587.1266 4161457.6598
 328587.2263 4161457.6548
 328587.3260 4161457.6498
 328587.4257 4161457.6448
 328587.5254 4161457.6387
 328587.6250 4161457.6347
 328587.7246 4161457.6303
 328587.8242 4161457.6253
 328587.9238 4161457.6199
 328588.0234 4161457.6144
 328588.1230 4161457.6073
 328588.2227 4161457.6002
 328588.3223 4161457.5931
 328588.4219 4161457.5860
 328588.5216 4161457.5790
 328588.6211 4161457.5715
 328588.7208 4161457.5647
 328588.8205 4161457.5581
 328588.9202 4161457.5516
 328589.0199 4161457.5452
 328589.1195 4161457.5389
 328589.2193 4161457.5331
 328589.3189 4161457.5277
 328589.4186 4161457.5219
 328589.5182 4161457.5156
 328589.6178 4161457.5089
 328589.7177 4161457.5049
 328589.8172 4161457.4946
 328589.9167 4161457.4846
 328590.0161 4161457.4749
 328590.1156 4161457.4655
 328590.2151 4161457.4564
 328590.3146 4161457.4467
 328590.4140 4161457.4381
 328590.5133 4161457.4293
 328590.6127 4161457.4205
 328590.7121 4161457.4117
 328590.8115 4161457.4027
 328590.9105 4161457.3910
 328591.0100 4161457.3829
 328591.1095 4161457.3744
 328591.2090 4161457.3657
 328591.3085 4161457.3567
 328591.4079 4161457.3474
 328591.5074 4161457.3377
 328591.6067 4161457.3261
 328591.7060 4161457.3150
 328591.8053 4161457.3046
 328591.9046 4161457.2946
 328592.0033 4161457.2820
 328592.1028 4161457.2755
 328592.2022 4161457.2683
 328592.3017 4161457.2604
 328592.4012 4161457.2518
 328592.5007 4161457.2425
 328592.5999 4161457.2310
 328592.6995 4161457.2193
 328592.7991 4161457.2084
 328592.8987 4161457.1984
 328592.9983 4161457.1893
 328593.0979 4161457.1811
 328593.1979 4161457.1772
 328593.2972 4161457.1699
 328593.3965 4161457.1621
 328593.4958 4161457.1537
 328593.5950 4161457.1448
 328593.6943 4161457.1354
 328593.7938 4161457.1199
 328593.8929 4161457.1111
 328593.9919 4161457.1016
 328594.0910 4161457.0917
 328594.1901 4161457.0812
 328594.2892 4161457.0701
 328594.3880 4161457.0560
 328594.4873 4161457.0449
 328594.5866 4161457.0341
 328594.6859 4161457.0237
 328594.7852 4161457.0135
 328594.8845 4161457.0037
 328594.9838 4161456.9942
 328595.0839 4161456.9931
 328595.1830 4161456.9834
 328595.2821 4161456.9734
 328595.3812 4161456.9629
 328595.4802 4161456.9520
 328595.5793 4161456.9407
 328595.6784 4161456.9290
 328595.7776 4161456.9169
 328595.8767 4161456.9046
 328595.9758 4161456.8925
 328596.0750 4161456.8807
 328596.1741 4161456.8691
 328596.2732 4161456.8578
 328596.3722 4161456.8503
 328596.4715 4161456.8373
 328596.5708 4161456.8247
 328596.6701 4161456.8127
 328596.7694 4161456.8011
 328596.8685 4161456.7906
 328596.9679 4161456.7786
 328597.0673 4161456.7673
 328597.1667 4161456.7568
 328597.2662 4161456.7471
 328597.3656 4161456.7381
 328597.4649 4161456.7279
 328597.5644 4161456.7227
 328597.6639 4161456.7174
 328597.7635 4161456.7119
 328597.8630 4161456.7062
 328597.9625 4161456.7003
 328598.0620 4161456.6969
 328598.1616 4161456.6888
 328598.2612 4161456.6811
 328598.3608 4161456.6739
 328598.4605 4161456.6672
 328598.5601 4161456.6610
 328598.6595 4161456.6551
 328598.7593 4161456.6507
 328598.8591 4161456.6462
 328598.9589 4161456.6418
 328599.0587 4161456.6373
 328599.1585 4161456.6328
 328599.2585 4161456.6298
 328599.3582 4161456.6240
 328599.4580 4161456.6184
 328599.5577 4161456.6130
 328599.6574 4161456.6077
 328599.7571 4161456.6026
 328599.8568 4161456.5970
 328599.9564 4161456.5914
 328600.0561 4161456.5860
 328600.1558 4161456.5808
 328600.2554 4161456.5759
 328600.3551 4161456.5712
 328600.4544 4161456.5623
 328600.5543 4161456.5612
 328600.6542 4161456.5596
 328600.7541 4161456.5575
 328600.8540 4161456.5550
 328600.9542 4161456.5543
 328601.0540 4161456.5487
 328601.1537 4161456.5432
 328601.2535 4161456.5377
 328601.3533 4161456.5323
 328601.4531 4161456.5269
 328601.5533 4161456.5179
 328601.6528 4161456.5149
 328601.7523 4161456.5113
 328601.8518 4161456.5070
 328601.9513 4161456.5022
 328602.0508 4161456.4968
 328602.1503 4161456.4908
 328602.2498 4161456.4838
 328602.3494 4161456.4760
 328602.4489 4161456.4686
 328602.5484 4161456.4616
 328602.6479 4161456.4550
 328602.7474 4161456.4488
 328602.8468 4161456.4437
 328602.9466 4161456.4388
 328603.0464 4161456.4340
 328603.1462 4161456.4293
 328603.2460 4161456.4247
 328603.3459 4161456.4224
 328603.4456 4161456.4160
 328603.5453 4161456.4097
 328603.6449 4161456.4035
 328603.7446 4161456.3974
 328603.8443 4161456.3900
 328603.9440 4161456.3853
 328604.0436 4161456.3801
 328604.1433 4161456.3744
 328604.2430 4161456.3682
 328604.3426 4161456.3605
 328604.4423 4161456.3535
 328604.5421 4161456.3470
 328604.6418 4161456.3408
 328604.7415 4161456.3351
 328604.8412 4161456.3302
 328604.9410 4161456.3255
 328605.0407 4161456.3206
 328605.1405 4161456.3157
 328605.2402 4161456.3106
 328605.3400 4161456.3055
 328605.4400 4161456.2997
 328605.5394 4161456.2931
 328605.6389 4161456.2864
 328605.7384 4161456.2797
 328605.8379 4161456.2728
 328605.9372 4161456.2631
 328606.0368 4161456.2572
 328606.1364 4161456.2514
 328606.2360 4161456.2456
 328606.3356 4161456.2398
 328606.4354 4161456.2352
 328606.5349 4161456.2301
 328606.6344 4161456.2240
 328606.7339 4161456.2170
 328606.8334 4161456.2091
 328606.9329 4161456.2003
 328607.0325 4161456.1887
 328607.1318 4161456.1799
 328607.2312 4161456.1714
 328607.3306 4161456.1632
 328607.4295 4161456.1611
 328607.5291 4161456.1517
 328607.6286 4161456.1425
 328607.7282 4161456.1336
 328607.8278 4161456.1249
 328607.9274 4161456.1165
 328608.0274 4161456.1068
 328608.1267 4161456.1009
 328608.2261 4161456.0944
 328608.3255 4161456.0873
 328608.4248 4161456.0796
 328608.5242 4161456.0712
 328608.6236 4161456.0623
 328608.7231 4161456.0537
 328608.8225 4161456.0428
 328608.9219 4161456.0330
 328609.0213 4161456.0243
 328609.1207 4161456.0167
 328609.2204 4161456.0149
 328609.3197 4161456.0087
 328609.4190 4161456.0020
 328609.5183 4161455.9949
 328609.6176 4161455.9872
 328609.7173 4161455.9823
 328609.8164 4161455.9704
 328609.9156 4161455.9591
 328610.0147 4161455.9483
 328610.1138 4161455.9381
 328610.2129 4161455.9284
 328610.3121 4161455.9166
 328610.4113 4161455.9101
 328610.5105 4161455.9034
 328610.6097 4161455.8964
 328610.7090 4161455.8892
 328610.8081 4161455.8871
 328610.9072 4161455.8742
 328611.0063 4161455.8620
 328611.1054 4161455.8505
 328611.2046 4161455.8399
 328611.3037 4161455.8299
 328611.4013 4161455.8142
 328611.5010 4161455.8071
 328611.6008 4161455.8008
 328611.7006 4161455.7954
 328611.8003 4161455.7909
 328611.9001 4161455.7873
 328611.9997 4161455.7806
 328612.0996 4161455.7817
 328612.1994 4161455.7825
 328612.2993 4161455.7828
 328612.3992 4161455.7827
 328612.4994 4161455.7805
 328612.5991 4161455.7810
 328612.6989 4161455.7810
 328612.7986 4161455.7804
 328612.8984 4161455.7792
 328612.9981 4161455.7774
 328613.0982 4161455.7776
 328613.1979 4161455.7736
 328613.2975 4161455.7696
 328613.3972 4161455.7656
 328613.4968 4161455.7614
 328613.5965 4161455.7573
 328613.6965 4161455.7545
 328613.7960 4161455.7497
 328613.8955 4161455.7448
 328613.9950 4161455.7397
 328614.0945 4161455.7344
 328614.1940 4161455.7290
 328614.2931 4161455.7213
 328614.3928 4161455.7160
 328614.4925 4161455.7111
 328614.5922 4161455.7064
 328614.6920 4161455.7021
 328614.7922 4161455.6978
 328614.8916 4161455.6938
 328614.9911 4161455.6901
 328615.0906 4161455.6866
 328615.1901 4161455.6834
 328615.2895 4161455.6804
 328615.3893 4161455.6763
 328615.4887 4161455.6733
 328615.5882 4161455.6706
 328615.6876 4161455.6682
 328615.7871 4161455.6659
 328615.8865 4161455.6639
 328615.9864 4161455.6612
 328616.0855 4161455.6602
 328616.1845 4161455.6581
 328616.2836 4161455.6547
 328616.3826 4161455.6502
 328616.4802 4161455.6426
 328616.5798 4161455.6339
 328616.6794 4161455.6261
 328616.7791 4161455.6193
 328616.8787 4161455.6133
 328616.9783 4161455.6081
 328617.0778 4161455.6050
 328617.1774 4161455.6017
 328617.2771 4161455.5978
 328617.3768 4161455.5932
 328617.4764 4161455.5881
 328617.5759 4161455.5769
 328617.6756 4161455.5707
 328617.7753 4161455.5649
 328617.8750 4161455.5595
 328617.9747 4161455.5545
 328618.0744 4161455.5501
 328618.1743 4161455.5429
 328618.2739 4161455.5421
 328618.3735 4161455.5408
 328618.4732 4161455.5391
 328618.5728 4161455.5369
 328618.6724 4161455.5342
 328618.7722 4161455.5329
 328618.8716 4161455.5286
 328618.9711 4161455.5242
 328619.0706 4161455.5196
 328619.1701 4161455.5150
 328619.2692 4161455.5103
 328619.3689 4161455.5064
 328619.4685 4161455.5025
 328619.5682 4161455.4985
 328619.6678 4161455.4945
 328619.7674 4161455.4903
 328619.8667 4161455.4897
 328619.9666 4161455.4835
 328620.0664 4161455.4779
 328620.1663 4161455.4728
 328620.2662 4161455.4683
 328620.3660 4161455.4643
 328620.4660 4161455.4606
 328620.5658 4161455.4595
 328620.6655 4161455.4574
 328620.7653 4161455.4543
 328620.8651 4161455.4503
 328620.9648 4161455.4454
 328621.0650 4161455.4377
 328621.1644 4161455.4294
 328621.2638 4161455.4217
 328621.3632 4161455.4147
 328621.4626 4161455.4084
 328621.5617 4161455.3973
 328621.6612 4161455.3960
 328621.7608 4161455.3943
 328621.8603 4161455.3924
 328621.9599 4161455.3901
 328622.0596 4161455.3868
 328622.1592 4161455.3849
 328622.2587 4161455.3822
 328622.3583 4161455.3787
 328622.4579 4161455.3744
 328622.5574 4161455.3693
 328622.6579 4161455.3634
 328622.7567 4161455.3574
 328622.8555 4161455.3513
 328622.9544 4161455.3451
 328623.0532 4161455.3388
 328623.1506 4161455.3415
 328623.2500 4161455.3311
 328623.3494 4161455.3213
 328623.4488 4161455.3123
 328623.5482 4161455.3041
 328623.6476 4161455.2966
 328623.7471 4161455.2921
 328623.8465 4161455.2852
 328623.9458 4161455.2782
 328624.0451 4161455.2713
 328624.1445 4161455.2644
 328624.2431 4161455.2555
 328624.3428 4161455.2498
 328624.4426 4161455.2443
 328624.5423 4161455.2389
 328624.6420 4161455.2336
 328624.7419 4161455.2271
 328624.8416 4161455.2244
 328624.9414 4161455.2210
 328625.0411 4161455.2171
 328625.1409 4161455.2125
 328625.2406 4161455.2073
 328625.3408 4161455.2025
 328625.4402 4161455.1971
 328625.5395 4161455.1918
 328625.6389 4161455.1864
 328625.7383 4161455.1811
 328625.8375 4161455.1777
 328625.9369 4161455.1706
 328626.0363 4161455.1640
 328626.1357 4161455.1579
 328626.2349 4161455.1473
 328626.3344 4161455.1451
 328626.4338 4161455.1421
 328626.5333 4161455.1383
 328626.6328 4161455.1339
 328626.7323 4161455.1287
 328626.8324 4161455.1205
 328626.9312 4161455.1174
 328627.0301 4161455.1128
 328627.1289 4161455.1069
 328627.2277 4161455.1004
 328627.3268 4161455.0929
 328627.4258 4161455.0852
 328627.5249 4161455.0773
 328627.6243 4161455.0718
 328627.7233 4161455.0642
 328627.8224 4161455.0569
 328627.9214 4161455.0499
 328628.0219 4161455.0497
 328628.1202 4161455.0411
 328628.2185 4161455.0316
 328628.3169 4161455.0213
 328628.4152 4161455.0102
 328628.5123 4161454.9932
 328628.6113 4161454.9817
 328628.7103 4161454.9706
 328628.8092 4161454.9599
 328628.9082 4161454.9496
 328629.0066 4161454.9433
 328629.1059 4161454.9310
 328629.2052 4161454.9195
 328629.3045 4161454.9087
 328629.4038 4161454.8986
 328629.5030 4161454.8891
 328629.6022 4161454.8797
 328629.7014 4161454.8703
 328629.8006 4161454.8611
 328629.8998 4161454.8518
 328629.9986 4161454.8408
 328630.0978 4161454.8309
 328630.1970 4161454.8212
 328630.2962 4161454.8117
 328630.3952 4161454.7979
 328630.4945 4161454.7908
 328630.5938 4161454.7841
 328630.6931 4161454.7779
 328630.7925 4161454.7720
 328630.8915 4161454.7668
 328630.9911 4161454.7634
 328631.0906 4161454.7598
 328631.1902 4161454.7560
 328631.2899 4161454.7558
 328631.3894 4161454.7497
 328631.4889 4161454.7438
 328631.5884 4161454.7380
 328631.6879 4161454.7324
 328631.7874 4161454.7269
 328631.8870 4161454.7210
 328631.9863 4161454.7167
 328632.0856 4161454.7112
 328632.1849 4161454.7045
 328632.2842 4161454.6966
 328632.3830 4161454.6837
 328632.4827 4161454.6732
 328632.5823 4161454.6642
 328632.6819 4161454.6566
 328632.7815 4161454.6505
 328632.8810 4161454.6465
 328632.9808 4161454.6457
 328633.0806 4161454.6443
 328633.1804 4161454.6424
 328633.2802 4161454.6399
 328633.3804 4161454.6419
 328633.4799 4161454.6348
 328633.5795 4161454.6275
 328633.6790 4161454.6200
 328633.7785 4161454.6123
 328633.8779 4161454.6000
 328633.9775 4161454.5928
 328634.0770 4161454.5861
 328634.1766 4161454.5797
 328634.2761 4161454.5737
 328634.3757 4161454.5681
 328634.4752 4161454.5636
 328634.5748 4161454.5601
 328634.6744 4161454.5560
 328634.7741 4161454.5511
 328634.8737 4161454.5456
 328634.9733 4161454.5403
 328635.0730 4161454.5314
 328635.1727 4161454.5233
 328635.2723 4161454.5158
 328635.3720 4161454.5089
 328635.4717 4161454.5025
 328635.5711 4161454.4970
 328635.6705 4161454.4909
 328635.7700 4161454.4844
 328635.8694 4161454.4773
 328635.9685 4161454.4640
 328636.0680 4161454.4578
 328636.1675 4161454.4513
 328636.2669 4161454.4447
 328636.3664 4161454.4377
 328636.4659 4161454.4306
 328636.5656 4161454.4262
 328636.6650 4161454.4161
 328636.7643 4161454.4063
 328636.8636 4161454.3969
 328636.9629 4161454.3877
 328637.0619 4161454.3779
 328637.1615 4161454.3699
 328637.2612 4161454.3624
 328637.3608 4161454.3553
 328637.4605 4161454.3486
 328637.5602 4161454.3448
 328637.6596 4161454.3348
 328637.7590 4161454.3261
 328637.8584 4161454.3186
 328637.9579 4161454.3124
 328638.0573 4161454.3074
 328638.1558 4161454.2983
 328638.2557 4161454.3011
 328638.3556 4161454.3033
 328638.4555 4161454.3048
 328638.5553 4161454.3056
 328638.6552 4161454.3069
 328638.7551 4161454.3036
 328638.8549 4161454.3019
 328638.9548 4161454.3018
 328639.0550 4161454.3011
 328639.1546 4161454.3080
 328639.2542 4161454.3139
 328639.3539 4161454.3187
 328639.4535 4161454.3224
 328639.5535 4161454.3262
 328639.6529 4161454.3264
 328639.7522 4161454.3269
 328639.8516 4161454.3277
 328639.9510 4161454.3287
 328640.0505 4161454.3312
