wB3X2
 45.82  45.82
 328572.7253 4161458.7552
 328572.7472 4161458.8529
 328572.7695 4161458.9504
 328572.7935 4161459.0474
 328572.8207 4161459.1435
 328572.8387 4161459.2416
 328572.8598 4161459.3391
 328572.8796 4161459.4369
 328572.8977 4161459.5350
 328572.9139 4161459.6337
 328572.9264 4161459.7329
 328572.9368 4161459.8325
 328572.9457 4161459.9321
 328572.9538 4161460.0318
 328572.9617 4161460.1311
 328572.9651 4161460.2311
 328572.9702 4161460.3309
 328572.9765 4161460.4306
 328572.9849 4161460.5302
 328572.9962 4161460.6296
 328573.0008 4161460.7294
 328573.0077 4161460.8291
 328573.0141 4161460.9288
 328573.0200 4161461.0285
 328573.0252 4161461.1282
 328573.0285 4161461.2281
 328573.0330 4161461.3276
 328573.0385 4161461.4270
 328573.0457 4161461.5260
 328573.0516 4161461.6255
 328573.0567 4161461.7251
 328573.0605 4161461.8248
 328573.0628 4161461.9246
 328573.0632 4161462.0244
 328573.0676 4161462.1242
 328573.0706 4161462.2240
 328573.0741 4161462.3238
 328573.0784 4161462.4236
 328573.0837 4161462.5234
 328573.0840 4161462.6233
 328573.0851 4161462.7230
 328573.0856 4161462.8227
 328573.0856 4161462.9224
 328573.0851 4161463.0221
 328573.0888 4161463.1218
 328573.0930 4161463.2214
 328573.0976 4161463.3211
 328573.1022 4161463.4207
 328573.1064 4161463.5203
 328573.1098 4161463.6199
 328573.1146 4161463.7196
 328573.1187 4161463.8193
 328573.1228 4161463.9190
 328573.1267 4161464.0187
 328573.1303 4161464.1185
 328573.1312 4161464.2184
 328573.1327 4161464.3183
 328573.1344 4161464.4182
 328573.1366 4161464.5180
 328573.1396 4161464.6177
 328573.1370 4161464.7175
 328573.1363 4161464.8173
 328573.1353 4161464.9172
 328573.1343 4161465.0171
 328573.1333 4161465.1171
 328573.1303 4161465.2169
 328573.1305 4161465.3168
 328573.1325 4161465.4166
 328573.1367 4161465.5164
 328573.1439 4161465.6161
 328573.1462 4161465.7161
 328573.1485 4161465.8160
 328573.1492 4161465.9160
 328573.1478 4161466.0159
 328573.1439 4161466.1158
 328573.1503 4161466.2157
 328573.1532 4161466.3156
 328573.1560 4161466.4154
 328573.1582 4161466.5151
 328573.1563 4161466.6149
 328573.1529 4161466.7147
 328573.1495 4161466.8146
 328573.1470 4161466.9144
 328573.1467 4161467.0143
 328573.1449 4161467.1141
 328573.1433 4161467.2140
 328573.1434 4161467.3139
 328573.1459 4161467.4138
 328573.1402 4161467.5135
 328573.1373 4161467.6133
 328573.1331 4161467.7130
 328573.1308 4161467.8129
 328573.1291 4161467.9127
 328573.1271 4161468.0126
 328573.1243 4161468.1124
 328573.1203 4161468.2122
 328573.1151 4161468.3119
 328573.1113 4161468.4117
 328573.1089 4161468.5115
 328573.1034 4161468.6111
 328573.0981 4161468.7106
 328573.0963 4161468.8100
 328573.0955 4161468.9094
 328573.0942 4161469.0090
 328573.0928 4161469.1087
 328573.0910 4161469.2086
 328573.0907 4161469.3086
 328573.0871 4161469.4083
 328573.0830 4161469.5078
 328573.0795 4161469.6074
 328573.0773 4161469.7070
 328573.0803 4161469.8065
 328573.0815 4161469.9060
 328573.0816 4161470.0054
 328573.0794 4161470.1048
 328573.0765 4161470.2045
 328573.0750 4161470.3044
 328573.0751 4161470.4042
 328573.0728 4161470.5039
 328573.0727 4161470.6038
 328573.0720 4161470.7037
 328573.0697 4161470.8036
 328573.0654 4161470.9032
 328573.0582 4161471.0027
 328573.0515 4161471.1021
 328573.0470 4161471.2016
 328573.0445 4161471.3013
 328573.0473 4161471.4011
 328573.0505 4161471.5010
 328573.0524 4161471.6007
 328573.0490 4161471.7003
 328573.0441 4161471.8001
 328573.0395 4161471.8999
 328573.0372 4161471.9998
 328573.0389 4161472.0997
 328573.0412 4161472.1997
 328573.0414 4161472.2997
 328573.0393 4161472.3995
 328573.0335 4161472.4992
 328573.0325 4161472.5990
 328573.0312 4161472.6987
 328573.0310 4161472.7982
 328573.0319 4161472.8977
 328573.0321 4161472.9976
 328573.0315 4161473.0975
 328573.0296 4161473.1974
 328573.0261 4161473.2972
 328573.0244 4161473.3971
 328573.0227 4161473.4970
 328573.0214 4161473.5969
 328573.0209 4161473.6968
 328573.0213 4161473.7967
 328573.0189 4161473.8965
 328573.0159 4161473.9963
 328573.0117 4161474.0961
 328573.0058 4161474.1958
 328573.0053 4161474.2957
 328573.0038 4161474.3956
 328573.0017 4161474.4955
 328572.9981 4161474.5953
 328572.9936 4161474.6951
 328572.9905 4161474.7950
 328572.9874 4161474.8948
 328572.9841 4161474.9946
 328572.9805 4161475.0944
 328572.9768 4161475.1942
 328572.9717 4161475.2939
 328572.9663 4161475.3936
 328572.9608 4161475.4933
 328572.9634 4161475.5927
 328572.9625 4161475.6924
 328572.9607 4161475.7921
 328572.9566 4161475.8919
 328572.9501 4161475.9917
 328572.9468 4161476.0916
 328572.9437 4161476.1914
 328572.9405 4161476.2913
 328572.9369 4161476.3911
 328572.9378 4161476.4910
 328572.9356 4161476.5909
 328572.9320 4161476.6907
 328572.9262 4161476.7905
 328572.9176 4161476.8902
 328572.9175 4161476.9898
 328572.9136 4161477.0893
 328572.9092 4161477.1887
 328572.9040 4161477.2881
 328572.9019 4161477.3878
 328572.8967 4161477.4876
 328572.8917 4161477.5873
 328572.8877 4161477.6871
 328572.8823 4161477.7868
 328572.8770 4161477.8866
 328572.8721 4161477.9863
 328572.8678 4161478.0861
 328572.8641 4161478.1859
 328572.8571 4161478.2856
 328572.8510 4161478.3854
 328572.8453 4161478.4852
 328572.8406 4161478.5850
 328572.8366 4161478.6848
 328572.8333 4161478.7846
 328572.8300 4161478.8845
 328572.8264 4161478.9843
 328572.8219 4161479.0840
 328572.8155 4161479.1837
 328572.8103 4161479.2835
 328572.8063 4161479.3833
 328572.8043 4161479.4831
 328572.8002 4161479.5829
 328572.7968 4161479.6828
 328572.7931 4161479.7826
 328572.7887 4161479.8824
 328572.7834 4161479.9822
 328572.7786 4161480.0818
 328572.7725 4161480.1813
 328572.7658 4161480.2808
 328572.7585 4161480.3803
 328572.7539 4161480.4800
 328572.7494 4161480.5798
 328572.7452 4161480.6797
 328572.7412 4161480.7796
 328572.7372 4161480.8794
 328572.7314 4161480.9791
 328572.7277 4161481.0790
 328572.7244 4161481.1788
 328572.7217 4161481.2786
 328572.7193 4161481.3785
 328572.7133 4161481.4782
 328572.7090 4161481.5780
 328572.7050 4161481.6778
 328572.7020 4161481.7776
 328572.7001 4161481.8774
 328572.6973 4161481.9773
 328572.6938 4161482.0771
 328572.6891 4161482.1768
 328572.6818 4161482.2766
 328572.6777 4161482.3764
 328572.6744 4161482.4763
 328572.6719 4161482.5761
 328572.6704 4161482.6760
 328572.6647 4161482.7757
 328572.6595 4161482.8755
 328572.6547 4161482.9753
 328572.6510 4161483.0751
 328572.6492 4161483.1750
 328572.6462 4161483.2746
 328572.6426 4161483.3742
 328572.6382 4161483.4739
 328572.6329 4161483.5736
 328572.6263 4161483.6734
 328572.6240 4161483.7732
 328572.6203 4161483.8731
 328572.6165 4161483.9730
 328572.6123 4161484.0729
 328572.6075 4161484.1726
 328572.6030 4161484.2724
 328572.5997 4161484.3723
 328572.5962 4161484.4721
 328572.5920 4161484.5719
 328572.5867 4161484.6718
 328572.5847 4161484.7716
 328572.5807 4161484.8715
 328572.5767 4161484.9714
 328572.5731 4161485.0712
 328572.5699 4161485.1711
 328572.5671 4161485.2710
 328572.5653 4161485.3709
 328572.5630 4161485.4708
 328572.5595 4161485.5707
 328572.5543 4161485.6705
 328572.5467 4161485.7703
 328572.5455 4161485.8701
 328572.5410 4161485.9700
 328572.5369 4161486.0698
 328572.5332 4161486.1696
 328572.5303 4161486.2695
 328572.5285 4161486.3693
 328572.5262 4161486.4692
 328572.5228 4161486.5690
 328572.5177 4161486.6688
 328572.5108 4161486.7685
 328572.5042 4161486.8683
 328572.4975 4161486.9681
 328572.4907 4161487.0679
 328572.4844 4161487.1677
 328572.4788 4161487.2675
 328572.4735 4161487.3675
 328572.4683 4161487.4673
 328572.4629 4161487.5671
 328572.4571 4161487.6667
 328572.4508 4161487.7662
 328572.4486 4161487.8659
 328572.4446 4161487.9656
 328572.4403 4161488.0653
 328572.4356 4161488.1651
 328572.4302 4161488.2650
 328572.4258 4161488.3646
 328572.4195 4161488.4642
 328572.4131 4161488.5638
 328572.4069 4161488.6633
 328572.4014 4161488.7629
 328572.3962 4161488.8625
 328572.3912 4161488.9621
 328572.3861 4161489.0618
 328572.3807 4161489.1615
 328572.3738 4161489.2613
 328572.3694 4161489.3612
 328572.3644 4161489.4610
 328572.3580 4161489.5606
 328572.3495 4161489.6599
 328572.3445 4161489.7595
 328572.3391 4161489.8590
 328572.3352 4161489.9587
 328572.3335 4161490.0586
 328572.3285 4161490.1582
 328572.3244 4161490.2577
 328572.3198 4161490.3573
 328572.3146 4161490.4569
 328572.3085 4161490.5567
 328572.3011 4161490.6567
 328572.3013 4161490.7565
 328572.2964 4161490.8563
 328572.2910 4161490.9561
 328572.2848 4161491.0559
 328572.2777 4161491.1557
 328572.2738 4161491.2555
 328572.2703 4161491.3554
 328572.2674 4161491.4552
 328572.2650 4161491.5551
 328572.2630 4161491.6550
 328572.2559 4161491.7548
 328572.2496 4161491.8546
 328572.2436 4161491.9544
 328572.2387 4161492.0542
 328572.2355 4161492.1541
 328572.2304 4161492.2539
 328572.2263 4161492.3537
 328572.2222 4161492.4536
 328572.2182 4161492.5534
 328572.2141 4161492.6532
 328572.2121 4161492.7531
 328572.2095 4161492.8530
 328572.2058 4161492.9528
 328572.2003 4161493.0525
 328572.1923 4161493.1520
 328572.1931 4161493.2514
 328572.1908 4161493.3510
 328572.1877 4161493.4506
 328572.1832 4161493.5503
 328572.1764 4161493.6502
 328572.1732 4161493.7502
 328572.1701 4161493.8500
 328572.1669 4161493.9498
 328572.1630 4161494.0494
 328572.1581 4161494.1489
 328572.1558 4161494.2487
 328572.1525 4161494.3484
 328572.1480 4161494.4481
 328572.1417 4161494.5479
 328572.1327 4161494.6476
 328572.1266 4161494.7469
 328572.1210 4161494.8464
 328572.1167 4161494.9459
 328572.1139 4161495.0455
 328572.1071 4161495.1450
 328572.1023 4161495.2445
 328572.0977 4161495.3440
 328572.0934 4161495.4435
 328572.0895 4161495.5429
 328572.0850 4161495.6425
 328572.0803 4161495.7423
 328572.0753 4161495.8421
 328572.0703 4161495.9418
 328572.0651 4161496.0414
 328572.0598 4161496.1410
 328572.0552 4161496.2407
 328572.0511 4161496.3402
 328572.0477 4161496.4395
 328572.0450 4161496.5385
 328572.0384 4161496.6381
 328572.0320 4161496.7377
 328572.0260 4161496.8375
 328572.0213 4161496.9373
 328572.0147 4161497.0370
 328572.0089 4161497.1368
 328572.0040 4161497.2365
 328572.0007 4161497.3363
 328571.9994 4161497.4362
 328571.9925 4161497.5360
 328571.9877 4161497.6357
 328571.9829 4161497.7355
 328571.9784 4161497.8354
 328571.9742 4161497.9351
 328571.9697 4161498.0347
 328571.9647 4161498.1344
 328571.9592 4161498.2340
 328571.9528 4161498.3337
 328571.9455 4161498.4335
 328571.9396 4161498.5333
 328571.9346 4161498.6329
 328571.9298 4161498.7323
 328571.9251 4161498.8314
 328571.9202 4161498.9300
 328571.9169 4161499.0298
 328571.9118 4161499.1292
 328571.9060 4161499.2287
 328571.8995 4161499.3282
 328571.8920 4161499.4276
 328571.8861 4161499.5270
 328571.8809 4161499.6264
 328571.8765 4161499.7259
 328571.8731 4161499.8256
 328571.8650 4161499.9249
 328571.8575 4161500.0240
 328571.8493 4161500.1230
 328571.8407 4161500.2219
 328571.8319 4161500.3207
 328571.8254 4161500.4207
 328571.8163 4161500.5202
 328571.8078 4161500.6199
 328571.8008 4161500.7195
 328571.7959 4161500.8192
 328571.7856 4161500.9182
 328571.7771 4161501.0173
 328571.7690 4161501.1164
 328571.7617 4161501.2155
 328571.7556 4161501.3148
 328571.7533 4161501.4147
 328571.7490 4161501.5146
 328571.7441 4161501.6144
 328571.7383 4161501.7141
 328571.7309 4161501.8136
 328571.7219 4161501.9131
 328571.7131 4161502.0125
 328571.7041 4161502.1118
 328571.6952 4161502.2110
 328571.6867 4161502.3102
 328571.6803 4161502.4099
 328571.6750 4161502.5096
 328571.6696 4161502.6094
 328571.6632 4161502.7092
 328571.6550 4161502.8089
 328571.6447 4161502.9084
 328571.6348 4161503.0078
 328571.6252 4161503.1072
 328571.6163 4161503.2067
 328571.6088 4161503.3062
 328571.6008 4161503.4056
 328571.5944 4161503.5052
 328571.5881 4161503.6048
 328571.5815 4161503.7044
 328571.5743 4161503.8041
 328571.5684 4161503.9038
 328571.5617 4161504.0035
 328571.5536 4161504.1030
 328571.5437 4161504.2021
 328571.5339 4161504.3015
 328571.5236 4161504.4007
 328571.5125 4161504.4997
