wB4B5
 38.94  22.91
 328761.5878 4161454.6414
 328761.6876 4161454.6442
 328761.7874 4161454.6473
 328761.8872 4161454.6483
 328761.9884 4161454.6450
 328762.0873 4161454.6434
 328762.1863 4161454.6409
 328762.2852 4161454.6374
 328762.3844 4161454.6350
 328762.4832 4161454.6299
 328762.5821 4161454.6257
 328762.6809 4161454.6225
 328762.7793 4161454.6228
 328762.8790 4161454.6204
 328762.9786 4161454.6186
 328763.0780 4161454.6185
 328763.1778 4161454.6175
 328763.2776 4161454.6157
 328763.3774 4161454.6131
 328763.4771 4161454.6098
 328763.5767 4161454.6017
 328763.6767 4161454.5997
 328763.7766 4161454.5976
 328763.8766 4161454.5955
 328763.9766 4161454.5930
 328764.0764 4161454.5943
 328764.1761 4161454.5960
 328764.2759 4161454.6020
 328764.3756 4161454.6045
 328764.4753 4161454.6057
 328764.5750 4161454.6058
 328764.6752 4161454.6062
 328764.7745 4161454.6014
 328764.8739 4161454.5972
 328764.9732 4161454.5934
 328765.0721 4161454.5860
 328765.1718 4161454.5862
 328765.2715 4161454.5859
 328765.3711 4161454.5853
 328765.4707 4161454.5849
 328765.5705 4161454.5830
 328765.6703 4161454.5809
 328765.7701 4161454.5784
 328765.8704 4161454.5758
 328765.9699 4161454.5731
 328766.0695 4161454.5704
 328766.1690 4161454.5679
 328766.2685 4161454.5657
 328766.3681 4161454.5656
 328766.4677 4161454.5663
 328766.5672 4161454.5678
 328766.6663 4161454.5774
 328766.7662 4161454.5766
 328766.8661 4161454.5761
 328766.9660 4161454.5758
 328767.0660 4161454.5739
 328767.1658 4161454.5747
 328767.2657 4161454.5755
 328767.3655 4161454.5761
 328767.4654 4161454.5761
 328767.5652 4161454.5762
 328767.6651 4161454.5767
 328767.7649 4161454.5775
 328767.8646 4161454.5796
 328767.9645 4161454.5812
 328768.0643 4161454.5821
 328768.1642 4161454.5842
 328768.2641 4161454.5824
 328768.3639 4161454.5813
 328768.4638 4161454.5810
 328768.5636 4161454.5815
 328768.6636 4161454.5849
 328768.7632 4161454.5884
 328768.8627 4161454.5916
 328768.9623 4161454.5945
 328769.0618 4161454.6003
 328769.1612 4161454.6009
 328769.2606 4161454.6022
 328769.3594 4161454.6066
 328769.4592 4161454.6076
 328769.5591 4161454.6083
 328769.6589 4161454.6087
 328769.7592 4161454.6069
 328769.8584 4161454.6069
 328769.9576 4161454.6075
 328770.0563 4161454.6053
 328770.1557 4161454.6110
 328770.2552 4161454.6158
 328770.3546 4161454.6197
 328770.4535 4161454.6252
 328770.5533 4161454.6260
 328770.6532 4161454.6266
 328770.7531 4161454.6269
 328770.8530 4161454.6282
 328770.9527 4161454.6272
 328771.0525 4161454.6271
 328771.1524 4161454.6288
 328771.2521 4161454.6300
 328771.3518 4161454.6298
 328771.4521 4161454.6267
 328771.5514 4161454.6238
 328771.6508 4161454.6219
 328771.7501 4161454.6211
 328771.8495 4161454.6233
 328771.9489 4161454.6203
 328772.0484 4161454.6179
 328772.1481 4161454.6145
 328772.2473 4161454.6146
 328772.3464 4161454.6132
 328772.4458 4161454.6102
 328772.5448 4161454.6061
 328772.6437 4161454.6034
 328772.7427 4161454.6108
 328772.8417 4161454.6049
 328772.9407 4161454.6010
 328773.0397 4161454.5991
 328773.1384 4161454.5990
 328773.2379 4161454.6011
 328773.3374 4161454.6035
 328773.4385 4161454.6091
 328773.5362 4161454.6096
 328773.6339 4161454.6098
 328773.7295 4161454.6108
 328773.8285 4161454.6102
 328773.9274 4161454.6100
 328774.0264 4161454.6101
 328774.1244 4161454.6165
 328774.2242 4161454.6145
 328774.3240 4161454.6135
 328774.4238 4161454.6132
 328774.5237 4161454.6146
 328774.6235 4161454.6153
 328774.7232 4161454.6166
 328774.8232 4161454.6185
 328774.9227 4161454.6201
 328775.0221 4161454.6216
 328775.1216 4161454.6232
 328775.2207 4161454.6214
 328775.3204 4161454.6243
 328775.4201 4161454.6271
 328775.5199 4161454.6297
 328775.6200 4161454.6312
 328775.7191 4161454.6305
 328775.8183 4161454.6322
 328775.9172 4161454.6314
 328776.0164 4161454.6413
 328776.1155 4161454.6483
 328776.2146 4161454.6522
 328776.3134 4161454.6475
 328776.4129 4161454.6508
 328776.5124 4161454.6537
 328776.6118 4161454.6561
 328776.7111 4161454.6590
 328776.8109 4161454.6575
 328776.9108 4161454.6571
 328777.0106 4161454.6579
 328777.1107 4161454.6591
 328777.2103 4161454.6640
 328777.3099 4161454.6671
 328777.4096 4161454.6688
 328777.5091 4161454.6679
 328777.6087 4161454.6675
 328777.7083 4161454.6675
 328777.8077 4161454.6749
 328777.9073 4161454.6721
 328778.0070 4161454.6689
 328778.1067 4161454.6656
 328778.2068 4161454.6607
 328778.3061 4161454.6579
 328778.4054 4161454.6555
 328778.5047 4161454.6537
 328778.6039 4161454.6558
 328778.7033 4161454.6539
 328778.8027 4161454.6524
 328778.9022 4161454.6513
 328779.0012 4161454.6555
 328779.1010 4161454.6515
 328779.2007 4161454.6490
 328779.3004 4161454.6480
 328779.4005 4161454.6466
 328779.4999 4161454.6551
 328779.5992 4161454.6621
 328779.6985 4161454.6678
 328779.7979 4161454.6722
 328779.8967 4161454.6861
 328779.9963 4161454.6810
 328780.0958 4161454.6764
 328780.1954 4161454.6724
 328780.2952 4161454.6706
 328780.3946 4161454.6661
 328780.4940 4161454.6624
 328780.5935 4161454.6597
 328780.6928 4161454.6546
 328780.7923 4161454.6543
 328780.8918 4161454.6555
 328780.9912 4161454.6582
 328781.0904 4161454.6573
 328781.1900 4161454.6681
 328781.2896 4161454.6774
 328781.3893 4161454.6852
 328781.4889 4161454.6916
 328781.5882 4161454.6977
 328781.6881 4161454.7000
 328781.7879 4161454.7022
 328781.8878 4161454.7041
 328781.9877 4161454.7072
 328782.0874 4161454.7082
 328782.1872 4161454.7102
 328782.2869 4161454.7133
 328782.3867 4161454.7174
 328782.4867 4161454.7277
 328782.5863 4161454.7317
 328782.6859 4161454.7361
 328782.7855 4161454.7409
 328782.8851 4161454.7460
 328782.9848 4161454.7492
 328783.0844 4161454.7564
 328783.1840 4161454.7621
 328783.2837 4161454.7664
 328783.3833 4161454.7692
 328783.4828 4161454.7675
 328783.5826 4161454.7699
 328783.6824 4161454.7725
 328783.7822 4161454.7753
 328783.8818 4161454.7818
 328783.9817 4161454.7844
 328784.0815 4161454.7869
 328784.1813 4161454.7892
 328784.2812 4161454.7915
 328784.3816 4161454.7944
 328784.4809 4161454.7964
