wB4X3
 31.02  31.02
 328761.6380 4161454.7307
 328761.6419 4161454.8303
 328761.6449 4161454.9297
 328761.6494 4161455.0294
 328761.6532 4161455.1291
 328761.6561 4161455.2288
 328761.6573 4161455.3285
 328761.6630 4161455.4281
 328761.6663 4161455.5279
 328761.6685 4161455.6277
 328761.6690 4161455.7276
 328761.6671 4161455.8276
 328761.6686 4161455.9276
 328761.6705 4161456.0274
 328761.6734 4161456.1272
 328761.6772 4161456.2269
 328761.6822 4161456.3264
 328761.6881 4161456.4260
 328761.6920 4161456.5255
 328761.6950 4161456.6251
 328761.6966 4161456.7246
 328761.6961 4161456.8244
 328761.6978 4161456.9241
 328761.6996 4161457.0240
 328761.7014 4161457.1240
 328761.7030 4161457.2241
 328761.7075 4161457.3238
 328761.7120 4161457.4235
 328761.7167 4161457.5230
 328761.7211 4161457.6223
 328761.7249 4161457.7214
 328761.7253 4161457.8214
 328761.7260 4161457.9212
 328761.7267 4161458.0211
 328761.7278 4161458.1209
 328761.7297 4161458.2206
 328761.7345 4161458.3204
 328761.7373 4161458.4203
 328761.7385 4161458.5201
 328761.7372 4161458.6201
 328761.7375 4161458.7199
 328761.7379 4161458.8196
 328761.7396 4161458.9193
 328761.7434 4161459.0189
 328761.7491 4161459.1186
 328761.7531 4161459.2184
 328761.7555 4161459.3183
 328761.7551 4161459.4182
 328761.7507 4161459.5181
 328761.7494 4161459.6177
 328761.7485 4161459.7174
 328761.7492 4161459.8170
 328761.7522 4161459.9167
 328761.7583 4161460.0165
 328761.7537 4161460.1155
 328761.7540 4161460.2148
 328761.7552 4161460.3142
 328761.7578 4161460.4138
 328761.7624 4161460.5138
 328761.7596 4161460.6137
 328761.7576 4161460.7136
 328761.7548 4161460.8135
 328761.7519 4161460.9134
 328761.7494 4161461.0133
 328761.7554 4161461.1131
 328761.7575 4161461.2129
 328761.7584 4161461.3127
 328761.7574 4161461.4125
 328761.7534 4161461.5121
 328761.7455 4161461.6117
 328761.7471 4161461.7117
 328761.7453 4161461.8114
 328761.7440 4161461.9113
 328761.7435 4161462.0111
 328761.7438 4161462.1111
 328761.7451 4161462.2112
 328761.7453 4161462.3109
 328761.7446 4161462.4107
 328761.7427 4161462.5104
 328761.7394 4161462.6102
 328761.7343 4161462.7099
 328761.7330 4161462.8098
 328761.7280 4161462.9096
 328761.7234 4161463.0093
 328761.7200 4161463.1090
 328761.7185 4161463.2085
 328761.7198 4161463.3079
 328761.7128 4161463.4073
 328761.7104 4161463.5069
 328761.7074 4161463.6065
 328761.7035 4161463.7062
 328761.6984 4161463.8060
 328761.7016 4161463.9056
 328761.7021 4161464.0053
 328761.7023 4161464.1049
 328761.7016 4161464.2047
 328761.6998 4161464.3046
 328761.6961 4161464.4046
 328761.6964 4161464.5046
 328761.6940 4161464.6045
 328761.6909 4161464.7044
 328761.6870 4161464.8042
 328761.6820 4161464.9039
 328761.6759 4161465.0036
 328761.6681 4161465.1033
 328761.6613 4161465.2027
 328761.6564 4161465.3020
 328761.6542 4161465.4012
 328761.6559 4161465.5002
 328761.6624 4161465.5991
 328761.6560 4161465.6989
 328761.6542 4161465.7986
 328761.6513 4161465.8983
 328761.6470 4161465.9980
 328761.6410 4161466.0978
 328761.6328 4161466.1975
 328761.6282 4161466.2973
 328761.6237 4161466.3971
 328761.6193 4161466.4968
 328761.6152 4161466.5964
 328761.6112 4161466.6959
 328761.6073 4161466.7953
 328761.6097 4161466.8948
 328761.6080 4161466.9942
 328761.6053 4161467.0936
 328761.6009 4161467.1930
 328761.5944 4161467.2923
 328761.5849 4161467.3917
 328761.5804 4161467.4914
 328761.5780 4161467.5913
 328761.5761 4161467.6912
 328761.5740 4161467.7911
 328761.5710 4161467.8909
 328761.5666 4161467.9907
 328761.5600 4161468.0904
 328761.5586 4161468.1903
 328761.5532 4161468.2899
 328761.5468 4161468.3895
 328761.5389 4161468.4891
 328761.5293 4161468.5885
 328761.5178 4161468.6879
 328761.5173 4161468.7880
 328761.5148 4161468.8878
 328761.5132 4161468.9877
 328761.5118 4161469.0876
 328761.5105 4161469.1874
 328761.5086 4161469.2871
 328761.4980 4161469.3863
 328761.4884 4161469.4856
 328761.4789 4161469.5849
 328761.4704 4161469.6842
 328761.4640 4161469.7836
 328761.4607 4161469.8832
 328761.4567 4161469.9826
 328761.4524 4161470.0821
 328761.4474 4161470.1816
 328761.4409 4161470.2810
 328761.4323 4161470.3804
 328761.4210 4161470.4796
 328761.4147 4161470.5795
 328761.4076 4161470.6792
 328761.4008 4161470.7789
 328761.3941 4161470.8786
 328761.3875 4161470.9781
 328761.3783 4161471.0774
 328761.3712 4161471.1770
 328761.3643 4161471.2767
 328761.3576 4161471.3764
 328761.3511 4161471.4762
 328761.3464 4161471.5761
 328761.3413 4161471.6758
 328761.3359 4161471.7755
 328761.3297 4161471.8751
 328761.3226 4161471.9747
 328761.3140 4161472.0742
 328761.3070 4161472.1738
 328761.2991 4161472.2733
 328761.2907 4161472.3727
 328761.2817 4161472.4721
 328761.2719 4161472.5714
 328761.2621 4161472.6709
 328761.2512 4161472.7702
 328761.2414 4161472.8695
 328761.2334 4161472.9686
 328761.2282 4161473.0674
 328761.2266 4161473.1660
 328761.2192 4161473.2657
 328761.2192 4161473.3646
 328761.2263 4161473.4632
 328761.2412 4161473.5618
 328761.2683 4161473.6583
 328761.3019 4161473.7517
 328761.3392 4161473.8408
 328761.4006 4161473.9200
 328761.4657 4161473.9964
 328761.5337 4161474.0701
 328761.6021 4161474.1416
 328761.6784 4161474.2056
 328761.7597 4161474.2630
 328761.8458 4161474.3129
 328761.9368 4161474.3547
 328762.0296 4161474.3918
 328762.1244 4161474.4216
 328762.2198 4161474.4437
 328762.3188 4161474.4510
 328762.4189 4161474.4520
 328762.5195 4161474.4516
 328762.6197 4161474.4547
 328762.7186 4161474.4660
 328762.8187 4161474.4647
 328762.9186 4161474.4687
 328763.0183 4161474.4717
 328763.1180 4161474.4731
 328763.2176 4161474.4724
 328763.3167 4161474.4780
 328763.4159 4161474.4818
 328763.5152 4161474.4856
 328763.6147 4161474.4895
 328763.7145 4161474.4934
 328763.8145 4161474.4972
 328763.9144 4161474.5003
 328764.0142 4161474.5036
 328764.1141 4161474.5071
 328764.2139 4161474.5109
 328764.3137 4161474.5150
 328764.4135 4161474.5190
 328764.5133 4161474.5243
 328764.6131 4161474.5294
 328764.7129 4161474.5341
 328764.8127 4161474.5376
 328764.9126 4161474.5397
 328765.0120 4161474.5467
 328765.1114 4161474.5532
 328765.2109 4161474.5597
 328765.3103 4161474.5658
 328765.4098 4161474.5710
 328765.5093 4161474.5748
 328765.6092 4161474.5762
 328765.7088 4161474.5817
 328765.8085 4161474.5872
 328765.9082 4161474.5923
 328766.0081 4161474.5966
 328766.1079 4161474.6007
 328766.2078 4161474.6021
 328766.3076 4161474.6035
 328766.4075 4161474.6058
 328766.5072 4161474.6101
 328766.6069 4161474.6170
 328766.7067 4161474.6211
 328766.8065 4161474.6259
 328766.9063 4161474.6297
 328767.0061 4161474.6318
 328767.1060 4161474.6315
 328767.2056 4161474.6313
 328767.3051 4161474.6341
 328767.4044 4161474.6384
 328767.5036 4161474.6448
 328767.6029 4161474.6537
 328767.7024 4161474.6576
 328767.8022 4161474.6624
 328767.9021 4161474.6660
 328768.0021 4161474.6679
 328768.1020 4161474.6677
 328768.2019 4161474.6649
 328768.3006 4161474.6719
 328768.3998 4161474.6753
 328768.4990 4161474.6801
 328768.5984 4161474.6866
 328768.6979 4161474.6954
 328768.7979 4161474.6944
 328768.8976 4161474.7001
 328768.9974 4161474.7064
 328769.0970 4161474.7132
 328769.1965 4161474.7204
 328769.2962 4161474.7304
 328769.3958 4161474.7392
 328769.4954 4161474.7466
 328769.5952 4161474.7519
 328769.6950 4161474.7543
 328769.7944 4161474.7665
 328769.8941 4161474.7745
 328769.9937 4161474.7820
 328770.0934 4161474.7884
 328770.1931 4161474.7934
 328770.2918 4161474.8039
 328770.3911 4161474.8110
 328770.4905 4161474.8187
 328770.5901 4161474.8272
 328770.6901 4161474.8313
 328770.7898 4161474.8373
 328770.8895 4161474.8438
 328770.9889 4161474.8511
 328771.0879 4161474.8596
 328771.1873 4161474.8657
 328771.2865 4161474.8729
 328771.3859 4161474.8803
 328771.4854 4161474.8881
 328771.5852 4161474.8963
 328771.6851 4161474.9016
 328771.7846 4161474.9078
 328771.8841 4161474.9141
 328771.9835 4161474.9210
 328772.0828 4161474.9288
 328772.1820 4161474.9378
 328772.2817 4161474.9461
 328772.3813 4161474.9516
 328772.4811 4161474.9559
 328772.5808 4161474.9590
 328772.6803 4161474.9682
 328772.7793 4161474.9781
 328772.8779 4161474.9901
 328772.9762 4161475.0042
