wB5B6
 37.44  22.03
 328784.4809 4161454.7964
 328784.5802 4161454.7989
 328784.6795 4161454.8018
 328784.7789 4161454.8051
 328784.8775 4161454.8129
 328784.9772 4161454.8152
 328785.0768 4161454.8180
 328785.1764 4161454.8213
 328785.2763 4161454.8282
 328785.3759 4161454.8304
 328785.4754 4161454.8334
 328785.5750 4161454.8372
 328785.6746 4161454.8419
 328785.7743 4161454.8481
 328785.8739 4161454.8537
 328785.9734 4161454.8593
 328786.0730 4161454.8646
 328786.1725 4161454.8698
 328786.2724 4161454.8722
 328786.3717 4161454.8785
 328786.4710 4161454.8845
 328786.5703 4161454.8903
 328786.6698 4161454.8966
 328786.7691 4161454.9004
 328786.8684 4161454.9050
 328786.9677 4161454.9103
 328787.0670 4161454.9163
 328787.1661 4161454.9207
 328787.2656 4161454.9309
 328787.3651 4161454.9400
 328787.4647 4161454.9479
 328787.5642 4161454.9548
 328787.6637 4161454.9602
 328787.7632 4161454.9633
 328787.8628 4161454.9671
 328787.9623 4161454.9718
 328788.0618 4161454.9772
 328788.1612 4161454.9833
 328788.2608 4161454.9909
 328788.3604 4161454.9983
 328788.4600 4161455.0055
 328788.5597 4161455.0124
 328788.6592 4161455.0187
 328788.7589 4161455.0259
 328788.8586 4161455.0327
 328788.9583 4161455.0389
 328789.0580 4161455.0447
 328789.1578 4161455.0522
 328789.2574 4161455.0555
 328789.3570 4161455.0587
 328789.4567 4161455.0618
 328789.5563 4161455.0650
 328789.6558 4161455.0691
 328789.7555 4161455.0714
 328789.8552 4161455.0740
 328789.9549 4161455.0770
 328790.0547 4161455.0804
 328790.1543 4161455.0849
 328790.2541 4161455.0903
 328790.3539 4161455.0953
 328790.4536 4161455.0997
 328790.5534 4161455.1037
 328790.6532 4161455.1100
 328790.7529 4161455.1118
 328790.8527 4161455.1133
 328790.9524 4161455.1143
 328791.0521 4161455.1149
 328791.1518 4161455.1166
 328791.2515 4161455.1143
 328791.3513 4161455.1131
 328791.4510 4161455.1130
 328791.5508 4161455.1141
 328791.6506 4161455.1163
 328791.7504 4161455.1200
 328791.8502 4161455.1232
 328791.9500 4161455.1258
 328792.0498 4161455.1270
 328792.1495 4161455.1295
 328792.2493 4161455.1320
 328792.3491 4161455.1345
 328792.4488 4161455.1380
 328792.5486 4161455.1405
 328792.6483 4161455.1429
 328792.7481 4161455.1451
 328792.8479 4161455.1477
 328792.9475 4161455.1512
 328793.0472 4161455.1538
 328793.1469 4161455.1577
 328793.2465 4161455.1558
 328793.3462 4161455.1546
 328793.4458 4161455.1543
 328793.5454 4161455.1527
 328793.6450 4161455.1553
 328793.7445 4161455.1575
 328793.8441 4161455.1591
 328793.9436 4161455.1604
 328794.0433 4161455.1579
 328794.1427 4161455.1605
 328794.2421 4161455.1622
 328794.3415 4161455.1630
 328794.4408 4161455.1605
 328794.5405 4161455.1601
 328794.6401 4161455.1596
 328794.7398 4161455.1587
 328794.8395 4161455.1547
 328794.9389 4161455.1548
 328795.0383 4161455.1549
 328795.1372 4161455.1549
 328795.2369 4161455.1534
 328795.3367 4161455.1534
 328795.4364 4161455.1548
 328795.5362 4161455.1553
 328795.6359 4161455.1630
 328795.7356 4161455.1688
 328795.8351 4161455.1720
 328795.9349 4161455.1743
 328796.0347 4161455.1747
 328796.1345 4161455.1732
 328796.2344 4161455.1704
 328796.3340 4161455.1616
 328796.4336 4161455.1539
 328796.5331 4161455.1474
 328796.6324 4161455.1402
 328796.7323 4161455.1392
 328796.8322 4161455.1372
 328796.9321 4161455.1344
 328797.0321 4161455.1304
 328797.1319 4161455.1258
 328797.2317 4161455.1214
 328797.3315 4161455.1170
 328797.4318 4161455.1137
 328797.5312 4161455.1099
 328797.6306 4161455.1061
 328797.7300 4161455.1021
 328797.8292 4161455.1026
 328797.9283 4161455.0920
 328798.0273 4161455.0838
 328798.1264 4161455.0780
 328798.2241 4161455.0690
 328798.3238 4161455.0731
 328798.4236 4161455.0754
 328798.5233 4161455.0757
 328798.6230 4161455.0742
 328798.7228 4161455.0683
 328798.8226 4161455.0646
 328798.9224 4161455.0607
 328799.0221 4161455.0565
 328799.1223 4161455.0534
 328799.2216 4161455.0495
 328799.3209 4161455.0461
 328799.4199 4161455.0452
 328799.5194 4161455.0439
 328799.6189 4161455.0413
 328799.7183 4161455.0374
 328799.8180 4161455.0338
 328799.9174 4161455.0232
 328800.0169 4161455.0147
 328800.1163 4161455.0083
 328800.2157 4161455.0040
 328800.3151 4161455.0014
 328800.4145 4161455.0052
 328800.5140 4161455.0078
 328800.6132 4161455.0105
 328800.7128 4161455.0105
 328800.8124 4161455.0119
 328800.9119 4161455.0146
 328801.0113 4161455.0232
 328801.1111 4161455.0271
 328801.2109 4161455.0297
 328801.3108 4161455.0308
 328801.4107 4161455.0301
 328801.5105 4161455.0290
 328801.6102 4161455.0281
 328801.7103 4161455.0274
 328801.8098 4161455.0244
 328801.9093 4161455.0233
 328802.0088 4161455.0242
 328802.1082 4161455.0256
 328802.2079 4161455.0319
 328802.3076 4161455.0371
 328802.4072 4161455.0413
 328802.5070 4161455.0427
 328802.6067 4161455.0442
 328802.7063 4161455.0461
 328802.8060 4161455.0480
 328802.9058 4161455.0496
 328803.0056 4161455.0509
 328803.1056 4161455.0506
 328803.2051 4161455.0521
 328803.3046 4161455.0552
 328803.4041 4161455.0597
 328803.5037 4161455.0687
 328803.6033 4161455.0734
 328803.7028 4161455.0773
 328803.8023 4161455.0804
 328803.9018 4161455.0806
 328804.0016 4161455.0818
 328804.1014 4161455.0832
 328804.2013 4161455.0809
 328804.3009 4161455.0872
 328804.4005 4161455.0928
 328804.5000 4161455.0977
 328804.5994 4161455.1045
 328804.6992 4161455.1043
 328804.7990 4161455.1044
 328804.8996 4161455.1022
 328804.9988 4161455.1037
 328805.0980 4161455.1071
 328805.1974 4161455.1095
 328805.2967 4161455.1201
 328805.3960 4161455.1289
 328805.4952 4161455.1358
 328805.5947 4161455.1356
 328805.6939 4161455.1457
 328805.7931 4161455.1535
 328805.8927 4161455.1640
 328805.9913 4161455.1611
 328806.0899 4161455.1587
 328806.1885 4161455.1565
 328806.2871 4161455.1546
 328806.3857 4161455.1530
 328806.4843 4161455.1518
