wB5X3
 29.91  29.91
 328784.4457 4161455.7123
 328784.4404 4161455.8112
 328784.4355 4161455.9103
 328784.4311 4161456.0096
 328784.4272 4161456.1090
 328784.4259 4161456.2087
 328784.4205 4161456.3082
 328784.4173 4161456.4079
 328784.4157 4161456.5077
 328784.4169 4161456.6076
 328784.4162 4161456.7074
 328784.4133 4161456.8072
 328784.4091 4161456.9069
 328784.4084 4161457.0071
 328784.4084 4161457.1067
 328784.4081 4161457.2061
 328784.4063 4161457.3053
 328784.3989 4161457.4047
 328784.3950 4161457.5043
 328784.3937 4161457.6041
 328784.3897 4161457.7038
 328784.3852 4161457.8035
 328784.3779 4161457.9032
 328784.3744 4161458.0029
 328784.3683 4161458.1024
 328784.3610 4161458.2020
 328784.3540 4161458.3015
 328784.3501 4161458.4012
 328784.3461 4161458.5008
 328784.3420 4161458.6006
 328784.3385 4161458.7003
 328784.3370 4161458.7997
 328784.3420 4161458.8990
 328784.3320 4161458.9989
 328784.3257 4161459.0985
 328784.3217 4161459.1978
 328784.3182 4161459.2972
 328784.3130 4161459.3960
 328784.3111 4161459.4951
 328784.3114 4161459.5945
 328784.3131 4161459.6939
 328784.3124 4161459.7938
 328784.3128 4161459.8939
 328784.3121 4161459.9938
 328784.3041 4161460.0929
 328784.2950 4161460.1915
 328784.2900 4161460.2900
 328784.2898 4161460.3891
 328784.2914 4161460.4885
 328784.2913 4161460.5882
 328784.2905 4161460.6880
 328784.2911 4161460.7878
 328784.2923 4161460.8875
 328784.2922 4161460.9871
 328784.2910 4161461.0867
 328784.2856 4161461.1862
 328784.2812 4161461.2857
 328784.2809 4161461.3855
 328784.2824 4161461.4853
 328784.2825 4161461.5849
 328784.2784 4161461.6841
 328784.2714 4161461.7833
 328784.2630 4161461.8826
 328784.2531 4161461.9821
 328784.2506 4161462.0820
 328784.2493 4161462.1819
 328784.2487 4161462.2817
 328784.2461 4161462.3815
 328784.2471 4161462.4810
 328784.2453 4161462.5805
 328784.2418 4161462.6801
 328784.2395 4161462.7799
 328784.2342 4161462.8794
 328784.2299 4161462.9790
 328784.2263 4161463.0787
 328784.2291 4161463.1789
 328784.2201 4161463.2777
 328784.2143 4161463.3769
 328784.2104 4161463.4762
 328784.2073 4161463.5757
 328784.2031 4161463.6756
 328784.1975 4161463.7754
 328784.1902 4161463.8748
 328784.1823 4161463.9740
 328784.1720 4161464.0729
 328784.1720 4161464.1725
 328784.1674 4161464.2719
 328784.1603 4161464.3712
 328784.1524 4161464.4705
 328784.1500 4161464.5695
 328784.1470 4161464.6689
 328784.1433 4161464.7686
 328784.1387 4161464.8685
 328784.1333 4161464.9683
 328784.1273 4161465.0679
 328784.1205 4161465.1676
 328784.1134 4161465.2672
 328784.1029 4161465.3668
 328784.0946 4161465.4664
 328784.0877 4161465.5661
 328784.0816 4161465.6658
 328784.0759 4161465.7656
 328784.0708 4161465.8653
 328784.0643 4161465.9649
 328784.0568 4161466.0644
 328784.0507 4161466.1638
 328784.0405 4161466.2628
 328784.0318 4161466.3621
 328784.0242 4161466.4617
 328784.0172 4161466.5615
 328784.0090 4161466.6612
 328784.0005 4161466.7608
 328783.9918 4161466.8603
 328783.9821 4161466.9595
 328783.9745 4161467.0584
 328783.9685 4161467.1575
 328783.9630 4161467.2568
 328783.9573 4161467.3563
 328783.9478 4161467.4558
 328783.9373 4161467.5553
 328783.9269 4161467.6547
 328783.9172 4161467.7541
 328783.9107 4161467.8538
 328783.9061 4161467.9537
 328783.9023 4161468.0535
 328783.8981 4161468.1531
 328783.8940 4161468.2528
 328783.8859 4161468.3522
 328783.8750 4161468.4514
 328783.8618 4161468.5503
 328783.8484 4161468.6489
 328783.8382 4161468.7479
 328783.8302 4161468.8470
 328783.8241 4161468.9465
 328783.8174 4161469.0458
 328783.8074 4161469.1449
 328783.7953 4161469.2438
 328783.7798 4161469.3424
 328783.7703 4161469.4419
 328783.7589 4161469.5412
 328783.7460 4161469.6402
 328783.7318 4161469.7390
 328783.7160 4161469.8376
 328783.6999 4161469.9360
 328783.6846 4161470.0346
 328783.6697 4161470.1333
 328783.6543 4161470.2321
 328783.6385 4161470.3306
 328783.6246 4161470.4295
 328783.6119 4161470.5285
 328783.5996 4161470.6276
 328783.5875 4161470.7269
 328783.5743 4161470.8257
 328783.5607 4161470.9244
 328783.5473 4161471.0229
 328783.5366 4161471.1219
 328783.5232 4161471.2208
 328783.5106 4161471.3199
 328783.4968 4161471.4189
 328783.4883 4161471.5187
 328783.4811 4161471.6184
 328783.4746 4161471.7180
 328783.4679 4161471.8176
 328783.4619 4161471.9172
 328783.4497 4161472.0163
 328783.4378 4161472.1155
 328783.4260 4161472.2147
 328783.4144 4161472.3140
 328783.4029 4161472.4134
 328783.3919 4161472.5127
 328783.3808 4161472.6120
 328783.3701 4161472.7112
 328783.3606 4161472.8106
 328783.3514 4161472.9098
 328783.3430 4161473.0091
 328783.3353 4161473.1084
 328783.3243 4161473.2075
 328783.3205 4161473.3073
 328783.3154 4161473.4071
 328783.3094 4161473.5069
 328783.3026 4161473.6067
 328783.2947 4161473.7064
 328783.2898 4161473.8061
 328783.2836 4161473.9058
 328783.2764 4161474.0054
 328783.2685 4161474.1049
 328783.2597 4161474.2044
 328783.2505 4161474.3039
 328783.2427 4161474.4034
 328783.2356 4161474.5028
 328783.2286 4161474.6021
 328783.2221 4161474.7010
 328783.2151 4161474.8004
 328783.1990 4161474.8991
 328783.1746 4161474.9962
 328783.1445 4161475.0910
 328783.1032 4161475.1812
 328783.0521 4161475.2665
 328782.9907 4161475.3453
 328782.9256 4161475.4206
 328782.8537 4161475.4892
 328782.7764 4161475.5521
 328782.6950 4161475.6098
 328782.6119 4161475.6645
 328782.5246 4161475.7125
 328782.4328 4161475.7514
 328782.3368 4161475.7790
 328782.2385 4161475.7942
 328782.1392 4161475.8010
 328782.0393 4161475.8013
 328781.9391 4161475.7963
 328781.8395 4161475.7896
 328781.7400 4161475.7832
 328781.6406 4161475.7767
 328781.5411 4161475.7708
 328781.4423 4161475.7604
 328781.3433 4161475.7495
 328781.2442 4161475.7383
 328781.1450 4161475.7271
 328781.0457 4161475.7156
 328780.9459 4161475.7072
 328780.8463 4161475.6979
 328780.7469 4161475.6882
 328780.6476 4161475.6783
 328780.5482 4161475.6685
 328780.4490 4161475.6601
 328780.3497 4161475.6511
 328780.2504 4161475.6417
 328780.1511 4161475.6322
 328780.0517 4161475.6221
 328779.9526 4161475.6131
 328779.8533 4161475.6044
 328779.7538 4161475.5958
 328779.6542 4161475.5873
 328779.5544 4161475.5778
 328779.4544 4161475.5688
 328779.3549 4161475.5602
 328779.2558 4161475.5519
 328779.1570 4161475.5441
 328779.0580 4161475.5398
 328778.9604 4161475.5331
 328778.8621 4161475.5246
 328778.7633 4161475.5152
 328778.6641 4161475.5055
 328778.5647 4161475.4948
 328778.4650 4161475.4887
 328778.3653 4161475.4839
 328778.2656 4161475.4795
 328778.1658 4161475.4775
 328778.0662 4161475.4648
 328777.9667 4161475.4556
 328777.8673 4161475.4488
 328777.7680 4161475.4435
 328777.6688 4161475.4381
 328777.5699 4161475.4341
 328777.4707 4161475.4285
 328777.3713 4161475.4215
 328777.2719 4161475.4145
 328777.1723 4161475.4050
 328777.0728 4161475.3958
 328776.9734 4161475.3871
 328776.8741 4161475.3792
 328776.7749 4161475.3732
 328776.6756 4161475.3710
 328776.5762 4161475.3659
 328776.4766 4161475.3589
 328776.3770 4161475.3504
 328776.2773 4161475.3449
 328776.1776 4161475.3394
 328776.0779 4161475.3338
 328775.9783 4161475.3280
 328775.8785 4161475.3229
 328775.7789 4161475.3164
 328775.6798 4161475.3055
 328775.5810 4161475.2921
 328775.4827 4161475.2748
 328775.3833 4161475.2646
 328775.2838 4161475.2546
 328775.1843 4161475.2448
 328775.0847 4161475.2350
 328774.9851 4161475.2262
 328774.8855 4161475.2169
 328774.7861 4161475.2061
 328774.6868 4161475.1944
 328774.5873 4161475.1847
 328774.4887 4161475.1715
 328774.3899 4161475.1597
 328774.2910 4161475.1487
 328774.1922 4161475.1378
 328774.0938 4161475.1226
 328773.9950 4161475.1115
 328773.8961 4161475.1003
 328773.7971 4161475.0889
 328773.6981 4161475.0768
 328773.5989 4161475.0668
 328773.4997 4161475.0574
 328773.4005 4161475.0479
 328773.3015 4161475.0371
 328773.2027 4161475.0244
 328773.1044 4161475.0086
 328773.0066 4161474.9890
