wB7B4
206.73 121.60
 328640.0505 4161454.3312
 328640.1499 4161454.3344
 328640.2493 4161454.3361
 328640.3487 4161454.3363
 328640.4482 4161454.3352
 328640.5478 4161454.3326
 328640.6472 4161454.3270
 328640.7466 4161454.3246
 328640.8461 4161454.3253
 328640.9455 4161454.3329
 328641.0450 4161454.3392
 328641.1444 4161454.3451
 328641.2439 4161454.3507
 328641.3433 4161454.3536
 328641.4428 4161454.3592
 328641.5423 4161454.3635
 328641.6418 4161454.3665
 328641.7413 4161454.3684
 328641.8409 4161454.3721
 328641.9402 4161454.3646
 328642.0395 4161454.3587
 328642.1387 4161454.3546
 328642.2380 4161454.3521
 328642.3374 4161454.3403
 328642.4365 4161454.3481
 328642.5355 4161454.3550
 328642.6346 4161454.3610
 328642.7337 4161454.3659
 328642.8324 4161454.3708
 328642.9318 4161454.3735
 328643.0311 4161454.3762
 328643.1305 4161454.3787
 328643.2298 4161454.3812
 328643.3291 4161454.3860
 328643.4284 4161454.3904
 328643.5277 4161454.3942
 328643.6270 4161454.3973
 328643.7263 4161454.3997
 328643.8249 4161454.4074
 328643.9245 4161454.4058
 328644.0241 4161454.4048
 328644.1238 4161454.4043
 328644.2236 4161454.4070
 328644.3231 4161454.4075
 328644.4226 4161454.4082
 328644.5220 4161454.4093
 328644.6215 4161454.4105
 328644.7207 4161454.4132
 328644.8204 4161454.4143
 328644.9201 4161454.4153
 328645.0197 4161454.4161
 328645.1194 4161454.4168
 328645.2191 4161454.4128
 328645.3188 4161454.4155
 328645.4186 4161454.4177
 328645.5183 4161454.4197
 328645.6181 4161454.4212
 328645.7181 4161454.4227
 328645.8178 4161454.4237
 328645.9174 4161454.4243
 328646.0171 4161454.4244
 328646.1168 4161454.4242
 328646.2164 4161454.4228
 328646.3161 4161454.4212
 328646.4159 4161454.4198
 328646.5157 4161454.4187
 328646.6155 4161454.4178
 328646.7153 4161454.4187
 328646.8150 4161454.4162
 328646.9147 4161454.4146
 328647.0144 4161454.4140
 328647.1141 4161454.4143
 328647.2137 4161454.4115
 328647.3134 4161454.4161
 328647.4132 4161454.4204
 328647.5130 4161454.4243
 328647.6127 4161454.4280
 328647.7125 4161454.4313
 328647.8126 4161454.4303
 328647.9121 4161454.4358
 328648.0117 4161454.4402
 328648.1112 4161454.4437
 328648.2108 4161454.4469
 328648.3103 4161454.4461
 328648.4098 4161454.4453
 328648.5093 4161454.4446
 328648.6089 4161454.4439
 328648.7081 4161454.4398
 328648.8078 4161454.4418
 328648.9075 4161454.4437
 328649.0072 4161454.4453
 328649.1069 4161454.4467
 328649.2064 4161454.4471
 328649.3062 4161454.4481
 328649.4059 4161454.4499
 328649.5057 4161454.4526
 328649.6055 4161454.4562
 328649.7053 4161454.4613
 328649.8050 4161454.4664
 328649.9047 4161454.4709
 328650.0044 4161454.4749
 328650.1041 4161454.4773
 328650.2038 4161454.4783
 328650.3035 4161454.4805
 328650.4033 4161454.4838
 328650.5032 4161454.4880
 328650.6027 4161454.4926
 328650.7023 4161454.4966
 328650.8018 4161454.5000
 328650.9014 4161454.5028
 328651.0010 4161454.5000
 328651.1005 4161454.5028
 328651.1999 4161454.5065
 328651.2993 4161454.5111
 328651.3988 4161454.5150
 328651.4983 4161454.5232
 328651.5978 4161454.5301
 328651.6973 4161454.5358
 328651.7966 4161454.5382
 328651.8962 4161454.5429
 328651.9959 4161454.5468
 328652.0955 4161454.5499
 328652.1951 4161454.5520
 328652.2952 4161454.5563
 328652.3946 4161454.5520
 328652.4939 4161454.5499
 328652.5932 4161454.5498
 328652.6929 4161454.5493
 328652.7922 4161454.5585
 328652.8915 4161454.5657
 328652.9907 4161454.5709
 328653.0900 4161454.5741
 328653.1889 4161454.5762
 328653.2887 4161454.5735
 328653.3884 4161454.5718
 328653.4881 4161454.5711
 328653.5879 4161454.5714
 328653.6877 4161454.5755
 328653.7871 4161454.5789
 328653.8864 4161454.5818
 328653.9857 4161454.5842
 328654.0844 4161454.5938
 328654.1839 4161454.5915
 328654.2834 4161454.5882
 328654.3829 4161454.5839
 328654.4824 4161454.5787
 328654.5818 4161454.5725
 328654.6814 4161454.5629
 328654.7810 4161454.5550
 328654.8806 4161454.5487
 328654.9802 4161454.5440
 328655.0800 4161454.5415
 328655.1794 4161454.5445
 328655.2787 4161454.5471
 328655.3780 4161454.5495
 328655.4769 4161454.5653
 328655.5765 4161454.5599
 328655.6761 4161454.5554
 328655.7757 4161454.5519
 328655.8754 4161454.5493
 328655.9758 4161454.5459
 328656.0749 4161454.5470
 328656.1740 4161454.5481
 328656.2732 4161454.5493
 328656.3726 4161454.5512
 328656.4716 4161454.5520
 328656.5706 4161454.5517
 328656.6697 4161454.5502
 328656.7687 4161454.5477
 328656.8666 4161454.5360
 328656.9662 4161454.5334
 328657.0658 4161454.5311
 328657.1654 4161454.5292
 328657.2650 4161454.5276
 328657.3648 4161454.5258
 328657.4642 4161454.5259
 328657.5636 4161454.5267
 328657.6631 4161454.5281
 328657.7625 4161454.5302
 328657.8619 4161454.5337
 328657.9614 4161454.5370
 328658.0610 4161454.5403
 328658.1605 4161454.5435
 328658.2600 4161454.5468
 328658.3593 4161454.5475
 328658.4590 4161454.5542
 328658.5588 4161454.5597
 328658.6585 4161454.5640
 328658.7582 4161454.5671
 328658.8580 4161454.5694
 328658.9576 4161454.5693
 328659.0573 4161454.5698
 328659.1569 4161454.5709
 328659.2562 4161454.5746
 328659.3559 4161454.5767
 328659.4557 4161454.5780
 328659.5554 4161454.5784
 328659.6551 4161454.5780
 328659.7551 4161454.5768
 328659.8546 4161454.5707
 328659.9541 4161454.5670
 328660.0536 4161454.5658
 328660.1533 4161454.5649
 328660.2526 4161454.5715
 328660.3519 4161454.5774
 328660.4513 4161454.5825
 328660.5506 4161454.5868
 328660.6488 4161454.5891
 328660.7487 4161454.5917
 328660.8485 4161454.5939
 328660.9484 4161454.5959
 328661.0483 4161454.5976
 328661.1483 4161454.5981
 328661.2481 4161454.5999
 328661.3478 4161454.6013
 328661.4476 4161454.6023
 328661.5473 4161454.6030
 328661.6469 4161454.6062
 328661.7467 4161454.6037
 328661.8465 4161454.6023
 328661.9463 4161454.6018
 328662.0460 4161454.6024
 328662.1458 4161454.6040
 328662.2459 4161454.6098
 328662.3454 4161454.6098
 328662.4450 4161454.6103
 328662.5445 4161454.6112
 328662.6441 4161454.6125
 328662.7436 4161454.6104
 328662.8431 4161454.6140
 328662.9426 4161454.6167
 328663.0421 4161454.6186
 328663.1416 4161454.6195
 328663.2406 4161454.6166
 328663.3404 4161454.6146
 328663.4402 4161454.6128
 328663.5400 4161454.6114
 328663.6398 4161454.6102
 328663.7395 4161454.6035
 328663.8393 4161454.6055
 328663.9391 4161454.6076
 328664.0389 4161454.6097
 328664.1387 4161454.6120
 328664.2387 4161454.6179
 328664.3384 4161454.6178
 328664.4380 4161454.6171
 328664.5376 4161454.6157
 328664.6372 4161454.6137
 328664.7363 4161454.6047
 328664.8362 4161454.6033
 328664.9360 4161454.6023
 328665.0358 4161454.6018
 328665.1356 4161454.6018
 328665.2363 4161454.6040
 328665.3358 4161454.6064
 328665.4353 4161454.6082
 328665.5348 4161454.6093
 328665.6343 4161454.6098
 328665.7338 4161454.6096
 328665.8339 4161454.6101
 328665.9329 4161454.6078
 328666.0320 4161454.6059
 328666.1310 4161454.6043
 328666.2301 4161454.6032
 328666.3288 4161454.6054
 328666.4281 4161454.6019
 328666.5273 4161454.5995
 328666.6266 4161454.5981
 328666.7258 4161454.5976
 328666.8249 4161454.5951
 328666.9244 4161454.5995
 328667.0239 4161454.6032
 328667.1234 4161454.6061
 328667.2229 4161454.6083
 328667.3224 4161454.6088
 328667.4218 4161454.6111
 328667.5213 4161454.6131
 328667.6208 4161454.6147
 328667.7203 4161454.6160
 328667.8194 4161454.6215
 328667.9190 4161454.6192
 328668.0187 4161454.6179
 328668.1183 4161454.6174
 328668.2180 4161454.6179
 328668.3175 4161454.6205
 328668.4173 4161454.6232
 328668.5171 4161454.6263
 328668.6168 4161454.6297
 328668.7166 4161454.6334
 328668.8164 4161454.6397
 328668.9162 4161454.6428
 328669.0160 4161454.6462
 328669.1157 4161454.6501
 328669.2155 4161454.6544
 328669.3152 4161454.6588
 328669.4150 4161454.6638
 328669.5149 4161454.6682
 328669.6147 4161454.6721
 328669.7145 4161454.6753
 328669.8145 4161454.6732
 328669.9142 4161454.6766
 328670.0140 4161454.6800
 328670.1138 4161454.6837
 328670.2135 4161454.6875
 328670.3133 4161454.6955
 328670.4131 4161454.6972
 328670.5129 4161454.6991
 328670.6127 4161454.7012
 328670.7125 4161454.7036
 328670.8128 4161454.7049
 328670.9123 4161454.7085
 328671.0117 4161454.7118
 328671.1112 4161454.7149
 328671.2106 4161454.7176
 328671.3094 4161454.7187
 328671.4091 4161454.7211
 328671.5088 4161454.7236
 328671.6085 4161454.7264
 328671.7082 4161454.7292
 328671.8078 4161454.7303
 328671.9076 4161454.7357
 328672.0074 4161454.7402
 328672.1072 4161454.7440
 328672.2070 4161454.7470
 328672.3068 4161454.7493
 328672.4066 4161454.7497
 328672.5064 4161454.7510
 328672.6062 4161454.7532
 328672.7060 4161454.7564
 328672.8058 4161454.7620
 328672.9056 4161454.7675
 328673.0054 4161454.7722
 328673.1052 4161454.7762
 328673.2050 4161454.7794
 328673.3049 4161454.7811
 328673.4047 4161454.7813
 328673.5045 4161454.7822
 328673.6043 4161454.7838
 328673.7042 4161454.7861
 328673.8041 4161454.7878
 328673.9039 4161454.7922
 328674.0037 4161454.7962
 328674.1035 4161454.7997
 328674.2033 4161454.8029
 328674.3031 4161454.8029
 328674.4029 4161454.8058
 328674.5028 4161454.8085
 328674.6026 4161454.8108
 328674.7025 4161454.8129
 328674.8023 4161454.8146
 328674.9023 4161454.8157
 328675.0020 4161454.8165
 328675.1018 4161454.8173
 328675.2015 4161454.8182
 328675.3012 4161454.8192
 328675.4008 4161454.8202
 328675.5006 4161454.8208
 328675.6003 4161454.8222
 328675.7000 4161454.8243
 328675.7998 4161454.8271
 328675.8995 4161454.8327
 328675.9993 4161454.8363
 328676.0991 4161454.8396
 328676.1990 4161454.8427
 328676.2988 4161454.8455
 328676.3987 4161454.8458
 328676.4986 4161454.8476
 328676.5984 4161454.8497
 328676.6982 4161454.8521
 328676.7980 4161454.8548
 328676.8979 4161454.8577
 328676.9977 4161454.8605
 328677.0976 4161454.8642
 328677.1974 4161454.8676
 328677.2972 4161454.8706
 328677.3971 4161454.8733
 328677.4969 4161454.8733
 328677.5967 4161454.8767
 328677.6966 4161454.8797
 328677.7965 4161454.8821
 328677.8963 4161454.8841
 328677.9962 4161454.8865
 328678.0960 4161454.8866
 328678.1959 4161454.8873
 328678.2957 4161454.8884
 328678.3956 4161454.8900
 328678.4954 4161454.8935
 328678.5952 4161454.8961
 328678.6951 4161454.8985
 328678.7949 4161454.9006
 328678.8948 4161454.9025
 328678.9947 4161454.9042
 328679.0947 4161454.9045
 328679.1944 4161454.9069
 328679.2941 4161454.9087
 328679.3937 4161454.9101
 328679.4931 4161454.9131
 328679.5929 4161454.9123
 328679.6928 4161454.9119
 328679.7926 4161454.9119
 328679.8924 4161454.9123
 328679.9923 4161454.9130
 328680.0921 4161454.9167
 328680.1920 4161454.9172
 328680.2918 4161454.9177
 328680.3917 4161454.9182
 328680.4916 4161454.9188
 328680.5915 4161454.9176
 328680.6914 4161454.9194
 328680.7913 4161454.9209
 328680.8912 4161454.9221
 328680.9911 4161454.9228
 328681.0911 4161454.9214
 328681.1910 4161454.9220
 328681.2909 4161454.9228
 328681.3907 4161454.9238
 328681.4906 4161454.9249
 328681.5905 4161454.9261
 328681.6904 4161454.9285
 328681.7902 4161454.9302
 328681.8901 4161454.9316
 328681.9900 4161454.9328
 328682.0899 4161454.9336
 328682.1898 4161454.9340
 328682.2897 4161454.9336
 328682.3896 4161454.9333
 328682.4895 4161454.9331
 328682.5894 4161454.9329
 328682.6895 4161454.9289
 328682.7893 4161454.9315
 328682.8891 4161454.9340
 328682.9889 4161454.9365
 328683.0888 4161454.9388
 328683.1885 4161454.9418
 328683.2883 4161454.9444
 328683.3882 4161454.9470
 328683.4880 4161454.9495
 328683.5879 4161454.9520
 328683.6877 4161454.9555
 328683.7875 4161454.9584
 328683.8873 4161454.9614
 328683.9871 4161454.9647
 328684.0870 4161454.9681
 328684.1868 4161454.9717
 328684.2866 4161454.9794
 328684.3864 4161454.9812
 328684.4862 4161454.9836
 328684.5860 4161454.9865
 328684.6858 4161454.9900
 328684.7856 4161454.9940
 328684.8854 4161454.9992
 328684.9852 4161455.0044
 328685.0850 4161455.0089
 328685.1849 4161455.0126
 328685.2847 4161455.0157
 328685.3845 4161455.0174
 328685.4844 4161455.0180
 328685.5843 4161455.0187
 328685.6842 4161455.0193
 328685.7841 4161455.0199
 328685.8840 4161455.0198
 328685.9839 4161455.0203
 328686.0838 4161455.0209
 328686.1836 4161455.0216
 328686.2835 4161455.0225
 328686.3834 4161455.0235
 328686.4833 4161455.0236
 328686.5832 4161455.0261
 328686.6831 4161455.0278
 328686.7830 4161455.0289
 328686.8829 4161455.0292
 328686.9827 4161455.0296
 328687.0827 4161455.0269
 328687.1826 4161455.0247
 328687.2826 4161455.0229
 328687.3825 4161455.0216
 328687.4825 4161455.0207
 328687.5825 4161455.0197
 328687.6824 4161455.0199
 328687.7823 4161455.0203
 328687.8822 4161455.0208
 328687.9821 4161455.0216
 328688.0821 4161455.0198
 328688.1820 4161455.0226
 328688.2818 4161455.0249
 328688.3816 4161455.0266
 328688.4815 4161455.0278
 328688.5813 4161455.0284
 328688.6812 4161455.0276
 328688.7810 4161455.0278
 328688.8808 4161455.0277
 328688.9805 4161455.0274
 328689.0803 4161455.0269
 328689.1797 4161455.0279
 328689.2796 4161455.0260
 328689.3796 4161455.0248
 328689.4795 4161455.0240
 328689.5794 4161455.0239
 328689.6793 4161455.0243
 328689.7792 4161455.0275
 328689.8791 4161455.0290
 328689.9789 4161455.0306
 328690.0788 4161455.0322
 328690.1787 4161455.0339
 328690.2785 4161455.0377
 328690.3784 4161455.0391
 328690.4783 4161455.0406
 328690.5781 4161455.0421
 328690.6780 4161455.0435
 328690.7779 4161455.0450
 328690.8777 4161455.0484
 328690.9775 4161455.0496
 328691.0774 4161455.0508
 328691.1773 4161455.0520
 328691.2773 4161455.0582
 328691.3771 4161455.0567
 328691.4769 4161455.0550
 328691.5767 4161455.0530
 328691.6765 4161455.0508
 328691.7763 4161455.0483
 328691.8762 4161455.0389
 328691.9759 4161455.0381
 328692.0757 4161455.0377
 328692.1754 4161455.0379
 328692.2751 4161455.0386
 328692.3749 4161455.0397
 328692.4745 4161455.0435
 328692.5742 4161455.0450
 328692.6740 4161455.0461
 328692.7737 4161455.0468
 328692.8735 4161455.0470
 328692.9730 4161455.0436
 328693.0728 4161455.0438
 328693.1727 4161455.0437
 328693.2726 4161455.0432
 328693.3725 4161455.0425
 328693.4724 4161455.0415
 328693.5724 4161455.0380
 328693.6722 4161455.0381
 328693.7720 4161455.0380
 328693.8718 4161455.0376
 328693.9716 4161455.0370
 328694.0710 4161455.0385
 328694.1709 4161455.0364
 328694.2709 4161455.0343
 328694.3709 4161455.0323
 328694.4709 4161455.0302
 328694.5709 4161455.0281
 328694.6708 4161455.0261
 328694.7708 4161455.0240
 328694.8708 4161455.0219
 328694.9708 4161455.0199
 328695.0707 4161455.0178
 328695.1710 4161455.0148
 328695.2709 4161455.0134
 328695.3707 4161455.0119
 328695.4706 4161455.0103
 328695.5705 4161455.0087
 328695.6704 4161455.0070
 328695.7706 4161455.0040
 328695.8703 4161455.0044
 328695.9700 4161455.0043
 328696.0697 4161455.0036
 328696.1695 4161455.0023
 328696.2692 4161455.0003
 328696.3688 4161455.0010
 328696.4686 4161454.9955
 328696.5685 4161454.9907
 328696.6683 4161454.9866
 328696.7680 4161454.9827
 328696.8680 4161454.9807
 328696.9679 4161454.9786
 328697.0679 4161454.9765
 328697.1679 4161454.9745
 328697.2680 4161454.9712
 328697.3679 4161454.9696
 328697.4678 4161454.9687
 328697.5677 4161454.9685
 328697.6675 4161454.9689
 328697.7674 4161454.9700
 328697.8675 4161454.9749
 328697.9672 4161454.9746
 328698.0669 4161454.9742
 328698.1667 4161454.9737
 328698.2668 4161454.9709
 328698.3662 4161454.9710
 328698.4657 4161454.9709
 328698.5652 4161454.9706
 328698.6646 4161454.9700
 328698.7636 4161454.9689
 328698.8635 4161454.9684
 328698.9633 4161454.9677
 328699.0631 4161454.9667
 328699.1629 4161454.9655
 328699.2625 4161454.9635
 328699.3624 4161454.9629
 328699.4623 4161454.9623
 328699.5622 4161454.9618
 328699.6622 4161454.9613
 328699.7624 4161454.9643
 328699.8621 4161454.9634
 328699.9618 4161454.9623
 328700.0615 4161454.9611
 328700.1612 4161454.9597
 328700.2615 4161454.9612
 328700.3609 4161454.9585
 328700.4603 4161454.9558
 328700.5597 4161454.9533
 328700.6592 4161454.9509
 328700.7584 4161454.9506
 328700.8580 4161454.9471
 328700.9575 4161454.9445
 328701.0571 4161454.9426
 328701.1566 4161454.9414
 328701.2562 4161454.9410
 328701.3558 4161454.9436
 328701.4554 4161454.9452
 328701.5550 4161454.9459
 328701.6546 4161454.9457
 328701.7541 4161454.9450
 328701.8538 4161454.9423
 328701.9536 4161454.9400
 328702.0533 4161454.9380
 328702.1530 4161454.9365
 328702.2528 4161454.9378
 328702.3526 4161454.9341
 328702.4523 4161454.9313
 328702.5520 4161454.9295
 328702.6518 4161454.9287
 328702.7516 4161454.9264
 328702.8513 4161454.9289
 328702.9510 4161454.9308
 328703.0506 4161454.9321
 328703.1503 4161454.9327
 328703.2499 4161454.9319
 328703.3497 4161454.9304
 328703.4496 4161454.9294
 328703.5494 4161454.9291
 328703.6492 4161454.9292
 328703.7492 4161454.9305
 328703.8490 4161454.9315
 328703.9487 4161454.9322
 328704.0485 4161454.9325
 328704.1485 4161454.9314
 328704.2482 4161454.9309
 328704.3478 4161454.9306
 328704.4475 4161454.9308
 328704.5472 4161454.9313
 328704.6467 4161454.9314
 328704.7465 4161454.9350
 328704.8463 4161454.9378
 328704.9461 4161454.9399
 328705.0458 4161454.9449
 328705.1457 4161454.9421
 328705.2456 4161454.9402
 328705.3455 4161454.9392
 328705.4454 4161454.9391
 328705.5455 4161454.9411
 328705.6452 4161454.9425
 328705.7449 4161454.9429
 328705.8446 4161454.9423
 328705.9442 4161454.9406
 328706.0437 4161454.9346
 328706.1435 4161454.9309
 328706.2433 4161454.9279
 328706.3431 4161454.9257
 328706.4428 4161454.9243
 328706.5428 4161454.9253
 328706.6424 4161454.9260
 328706.7421 4161454.9259
 328706.8418 4161454.9251
 328706.9414 4161454.9235
 328707.0412 4161454.9209
 328707.1409 4161454.9182
 328707.2405 4161454.9156
 328707.3402 4161454.9130
 328707.4398 4161454.9106
 328707.5396 4161454.9102
 328707.6392 4161454.9072
 328707.7389 4161454.9045
 328707.8385 4161454.9020
 328707.9382 4161454.8997
 328708.0378 4161454.8990
 328708.1374 4161454.8963
 328708.2371 4161454.8938
 328708.3368 4161454.8916
 328708.4364 4161454.8895
 328708.5358 4161454.8859
 328708.6356 4161454.8860
 328708.7354 4161454.8858
 328708.8352 4161454.8853
 328708.9349 4161454.8845
 328709.0347 4161454.8846
 328709.1344 4161454.8826
 328709.2342 4161454.8804
 328709.3339 4161454.8780
 328709.4337 4161454.8754
 328709.5334 4161454.8727
 328709.6331 4161454.8663
 328709.7328 4161454.8668
 328709.8325 4161454.8665
 328709.9322 4161454.8655
 328710.0318 4161454.8665
 328710.1315 4161454.8614
 328710.2312 4161454.8569
 328710.3310 4161454.8529
 328710.4307 4161454.8495
 328710.5304 4161454.8466
 328710.6302 4161454.8445
 328710.7298 4161454.8424
 328710.8293 4161454.8400
 328710.9289 4161454.8373
 328711.0285 4161454.8342
 328711.1278 4161454.8286
 328711.2275 4161454.8246
 328711.3271 4161454.8205
 328711.4268 4161454.8166
 328711.5264 4161454.8126
 328711.6259 4161454.8053
 328711.7257 4161454.8036
 328711.8255 4161454.8019
 328711.9252 4161454.8000
 328712.0250 4161454.7980
 328712.1250 4161454.8030
 328712.2247 4161454.7960
 328712.3244 4161454.7898
 328712.4241 4161454.7847
 328712.5238 4161454.7804
 328712.6243 4161454.7754
 328712.7236 4161454.7747
 328712.8228 4161454.7732
 328712.9220 4161454.7710
 328713.0212 4161454.7681
 328713.1201 4161454.7647
 328713.2196 4161454.7577
 328713.3191 4161454.7525
 328713.4186 4161454.7491
 328713.5181 4161454.7474
 328713.6178 4161454.7500
 328713.7172 4161454.7535
 328713.8165 4161454.7548
 328713.9158 4161454.7541
 328714.0152 4161454.7513
 328714.1141 4161454.7444
 328714.2139 4161454.7370
 328714.3136 4161454.7312
 328714.4134 4161454.7270
 328714.5133 4161454.7273
 328714.6129 4161454.7255
 328714.7126 4161454.7239
 328714.8122 4161454.7226
 328714.9117 4161454.7237
 328715.0113 4161454.7192
 328715.1109 4161454.7157
 328715.2105 4161454.7132
 328715.3100 4161454.7111
 328715.4097 4161454.7124
 328715.5094 4161454.7128
 328715.6091 4161454.7124
 328715.7091 4161454.7112
 328715.8085 4161454.7111
 328715.9079 4161454.7123
 328716.0072 4161454.7197
 328716.1067 4161454.7222
 328716.2062 4161454.7241
 328716.3056 4161454.7253
 328716.4051 4161454.7259
 328716.5045 4161454.7216
 328716.6041 4161454.7236
 328716.7037 4161454.7259
 328716.8033 4161454.7284
 328716.9026 4161454.7318
 328717.0024 4161454.7366
 328717.1021 4161454.7407
 328717.2019 4161454.7443
 328717.3017 4161454.7473
 328717.4014 4161454.7517
 328717.5009 4161454.7550
 328717.6003 4161454.7578
 328717.6997 4161454.7601
 328717.7984 4161454.7682
 328717.8982 4161454.7651
 328717.9979 4161454.7633
 328718.0976 4161454.7627
 328718.1973 4161454.7635
 328718.2975 4161454.7662
 328718.3968 4161454.7682
 328718.4961 4161454.7706
 328718.5954 4161454.7735
 328718.6942 4161454.7713
 328718.7938 4161454.7774
 328718.8934 4161454.7826
 328718.9930 4161454.7869
 328719.0926 4161454.7903
 328719.1922 4161454.7879
 328719.2919 4161454.7909
 328719.3917 4161454.7941
 328719.4915 4161454.7973
 328719.5914 4161454.7992
 328719.6911 4161454.8043
 328719.7908 4161454.8080
 328719.8906 4161454.8103
 328719.9903 4161454.8112
 328720.0902 4161454.8101
 328720.1897 4161454.8081
 328720.2892 4161454.8069
 328720.3886 4161454.8063
 328720.4878 4161454.8101
 328720.5874 4161454.8108
 328720.6871 4161454.8108
 328720.7867 4161454.8101
 328720.8864 4161454.8106
 328720.9861 4161454.8084
 328721.0857 4161454.8063
 328721.1853 4161454.8043
 328721.2849 4161454.8023
 328721.3848 4161454.8063
 328721.4842 4161454.8009
 328721.5837 4161454.7967
 328721.6831 4161454.7937
 328721.7826 4161454.7920
 328721.8815 4161454.7928
 328721.9813 4161454.7945
 328722.0811 4161454.7958
 328722.1809 4161454.7966
 328722.2808 4161454.7968
 328722.3807 4161454.7978
 328722.4804 4161454.7937
 328722.5801 4161454.7906
 328722.6798 4161454.7885
 328722.7796 4161454.7858
 328722.8791 4161454.7869
 328722.9786 4161454.7876
 328723.0781 4161454.7882
 328723.1771 4161454.7863
 328723.2769 4161454.7871
 328723.3768 4161454.7883
 328723.4766 4161454.7899
 328723.5768 4161454.7906
 328723.6764 4161454.7940
 328723.7760 4161454.7962
 328723.8756 4161454.7972
 328723.9751 4161454.7969
 328724.0749 4161454.7886
 328724.1744 4161454.7893
 328724.2738 4161454.7900
 328724.3732 4161454.7905
 328724.4727 4161454.7924
 328724.5722 4161454.7913
 328724.6717 4161454.7911
 328724.7712 4161454.7916
 328724.8706 4161454.7934
 328724.9702 4161454.7951
 328725.0698 4161454.7961
 328725.1694 4161454.7965
 328725.2691 4161454.7925
 328725.3686 4161454.7924
 328725.4682 4161454.7932
 328725.5677 4161454.7947
 328725.6674 4161454.7979
 328725.7669 4161454.8010
 328725.8665 4161454.8043
 328725.9660 4161454.8077
 328726.0655 4161454.8112
 328726.1650 4161454.8151
 328726.2647 4161454.8184
 328726.3644 4161454.8219
 328726.4641 4161454.8257
 328726.5638 4161454.8296
 328726.6635 4161454.8337
 328726.7633 4161454.8372
 328726.8631 4161454.8404
 328726.9629 4161454.8405
 328727.0626 4161454.8454
 328727.1623 4161454.8502
 328727.2620 4161454.8550
 328727.3616 4161454.8645
 328727.4613 4161454.8665
 328727.5611 4161454.8692
 328727.6608 4161454.8727
 328727.7605 4161454.8770
 328727.8602 4161454.8812
 328727.9599 4161454.8894
 328728.0595 4161454.8968
 328728.1592 4161454.9035
 328728.2588 4161454.9155
 328728.3585 4161454.9151
 328728.4582 4161454.9157
 328728.5579 4161454.9172
 328728.6576 4161454.9198
 328728.7577 4161454.9216
 328728.8570 4161454.9271
 328728.9563 4161454.9323
 328729.0556 4161454.9372
 328729.1539 4161454.9398
 328729.2537 4161454.9454
 328729.3534 4161454.9498
 328729.4532 4161454.9530
 328729.5530 4161454.9550
 328729.6528 4161454.9535
 328729.7525 4161454.9559
 328729.8523 4161454.9586
 328729.9520 4161454.9617
 328730.0519 4161454.9672
 328730.1512 4161454.9700
 328730.2504 4161454.9726
 328730.3496 4161454.9752
 328730.4483 4161454.9752
 328730.5479 4161454.9797
 328730.6476 4161454.9836
 328730.7472 4161454.9869
 328730.8466 4161454.9892
 328730.9464 4161454.9931
 328731.0462 4161454.9961
 328731.1460 4161454.9983
 328731.2456 4161455.0021
 328731.3455 4161455.0017
 328731.4454 4161455.0015
 328731.5453 4161455.0013
 328731.6452 4161455.0060
 328731.7450 4161455.0033
 328731.8449 4161455.0016
 328731.9447 4161455.0010
 328732.0453 4161455.0020
 328732.1447 4161455.0035
 328732.2441 4161455.0049
 328732.3436 4161455.0063
 328732.4430 4161455.0077
 328732.5429 4161455.0060
 328732.6420 4161455.0100
 328732.7411 4161455.0127
 328732.8402 4161455.0142
 328732.9394 4161455.0135
 328733.0384 4161455.0136
 328733.1373 4161455.0145
 328733.2363 4161455.0162
 328733.3343 4161455.0236
 328733.4340 4161455.0250
 328733.5336 4161455.0260
 328733.6332 4161455.0266
 328733.7328 4161455.0267
 328733.8327 4161455.0249
 328733.9322 4161455.0255
 328734.0317 4161455.0259
 328734.1311 4161455.0262
 328734.2302 4161455.0307
 328734.3299 4161455.0273
 328734.4295 4161455.0246
 328734.5291 4161455.0225
 328734.6288 4161455.0211
 328734.7285 4161455.0169
 328734.8280 4161455.0203
 328734.9274 4161455.0226
 328735.0269 4161455.0240
 328735.1259 4161455.0240
 328735.2257 4161455.0226
 328735.3254 4161455.0208
 328735.4251 4161455.0188
 328735.5247 4161455.0129
 328735.6245 4161455.0141
 328735.7243 4161455.0145
 328735.8240 4161455.0140
 328735.9246 4161455.0186
 328736.0239 4161455.0125
 328736.1232 4161455.0080
 328736.2225 4161455.0052
 328736.3218 4161455.0041
 328736.4209 4161455.0063
 328736.5206 4161455.0103
 328736.6202 4161455.0125
 328736.7198 4161455.0130
 328736.8196 4161455.0124
 328736.9192 4161455.0070
 328737.0188 4161455.0024
 328737.1183 4161454.9986
 328737.2179 4161454.9957
 328737.3173 4161454.9953
 328737.4169 4161454.9907
 328737.5165 4161454.9875
 328737.6160 4161454.9858
 328737.7156 4161454.9818
 328737.8150 4161454.9844
 328737.9145 4161454.9867
 328738.0139 4161454.9885
 328738.1132 4161454.9848
 328738.2126 4161454.9893
 328738.3121 4161454.9919
 328738.4116 4161454.9929
 328738.5111 4161454.9920
 328738.6103 4161454.9876
 328738.7101 4161454.9811
 328738.8099 4161454.9773
 328738.9097 4161454.9763
 328739.0097 4161454.9794
 328739.1093 4161454.9846
 328739.2090 4161454.9878
 328739.3087 4161454.9922
 328739.4083 4161454.9875
 328739.5079 4161454.9845
 328739.6075 4161454.9833
 328739.7069 4161454.9828
 328739.8066 4161454.9885
 328739.9064 4161454.9926
 328740.0062 4161454.9953
 328740.1060 4161454.9976
 328740.2056 4161454.9940
 328740.3052 4161454.9911
 328740.4048 4161454.9845
 328740.5042 4161454.9871
 328740.6035 4161454.9891
 328740.7029 4161454.9904
 328740.8020 4161454.9917
 328740.9018 4161454.9908
 328741.0016 4161454.9897
 328741.1015 4161454.9883
 328741.2010 4161454.9838
 328741.3004 4161454.9816
 328741.3998 4161454.9764
 328741.4992 4161454.9845
 328741.5987 4161454.9894
 328741.6981 4161454.9910
 328741.7976 4161454.9880
 328741.8970 4161454.9819
 328741.9965 4161454.9778
 328742.0965 4161454.9737
 328742.1954 4161454.9763
 328742.2942 4161454.9804
 328742.3930 4161454.9858
 328742.4914 4161454.9967
 328742.5911 4161454.9985
 328742.6908 4161454.9995
 328742.7904 4161454.9997
 328742.8902 4161454.9966
 328742.9898 4161454.9958
 328743.0894 4161454.9942
 328743.1888 4161454.9887
 328743.2885 4161454.9875
 328743.3882 4161454.9865
 328743.4880 4161454.9857
 328743.5878 4161454.9851
 328743.6874 4161454.9833
 328743.7870 4161454.9808
 328743.8864 4161454.9751
 328743.9864 4161454.9731
 328744.0864 4161454.9710
 328744.1865 4161454.9685
 328744.2863 4161454.9655
 328744.3861 4161454.9643
 328744.4864 4161454.9649
 328744.5856 4161454.9705
 328744.6848 4161454.9721
 328744.7841 4161454.9698
 328744.8833 4161454.9629
 328744.9824 4161454.9556
 328745.0816 4161454.9485
 328745.1809 4161454.9384
 328745.2802 4161454.9314
 328745.3793 4161454.9278
 328745.4790 4161454.9276
 328745.5788 4161454.9270
 328745.6784 4161454.9270
 328745.7783 4161454.9249
 328745.8783 4161454.9229
 328745.9783 4161454.9208
 328746.0783 4161454.9187
 328746.1783 4161454.9167
 328746.2786 4161454.9134
 328746.3781 4161454.9143
 328746.4776 4161454.9140
 328746.5775 4161454.9130
 328746.6766 4161454.9160
 328746.7756 4161454.9162
 328746.8762 4161454.9221
 328746.9744 4161454.9086
 328747.0727 4161454.8971
 328747.1709 4161454.8874
 328747.2691 4161454.8784
 328747.3677 4161454.8708
 328747.4663 4161454.8672
 328747.5643 4161454.8670
 328747.6632 4161454.8734
 328747.7621 4161454.8780
 328747.8610 4161454.8809
 328747.9599 4161454.8819
 328748.0583 4161454.8770
 328748.1577 4161454.8805
 328748.2571 4161454.8823
 328748.3562 4161454.8822
 328748.4560 4161454.8814
 328748.5557 4161454.8803
 328748.6558 4161454.8788
 328748.7555 4161454.8768
 328748.8551 4161454.8744
 328748.9548 4161454.8717
 328749.0546 4161454.8684
 328749.1541 4161454.8638
 328749.2537 4161454.8595
 328749.3532 4161454.8555
 328749.4525 4161454.8465
 328749.5521 4161454.8487
 328749.6517 4161454.8492
 328749.7514 4161454.8478
 328749.8511 4161454.8506
 328749.9507 4161454.8395
 328750.0504 4161454.8312
 328750.1500 4161454.8256
 328750.2494 4161454.8231
 328750.3493 4161454.8253
 328750.4492 4161454.8265
 328750.5491 4161454.8266
 328750.6496 4161454.8205
 328750.7489 4161454.8239
 328750.8482 4161454.8274
 328750.9475 4161454.8311
 328751.0465 4161454.8453
 328751.1459 4161454.8428
 328751.2454 4161454.8394
 328751.3448 4161454.8351
 328751.4444 4161454.8289
 328751.5437 4161454.8285
 328751.6430 4161454.8282
 328751.7422 4161454.8301
 328751.8417 4161454.8268
 328751.9412 4161454.8246
 328752.0404 4161454.8200
 328752.1402 4161454.8232
 328752.2401 4161454.8244
 328752.3400 4161454.8220
 328752.4398 4161454.8216
 328752.5397 4161454.8197
 328752.6401 4161454.8158
 328752.7396 4161454.8114
 328752.8390 4161454.8069
 328752.9385 4161454.8025
 328753.0386 4161454.7998
 328753.1372 4161454.7945
 328753.2358 4161454.7891
 328753.3340 4161454.7828
 328753.4330 4161454.7787
 328753.5320 4161454.7757
 328753.6309 4161454.7740
 328753.7302 4161454.7760
 328753.8291 4161454.7741
 328753.9280 4161454.7717
 328754.0270 4161454.7685
 328754.1263 4161454.7682
 328754.2256 4161454.7648
 328754.3251 4161454.7563
 328754.4241 4161454.7487
 328754.5232 4161454.7454
 328754.6218 4161454.7489
 328754.7213 4161454.7549
 328754.8207 4161454.7577
 328754.9210 4161454.7595
 328755.0197 4161454.7495
 328755.1184 4161454.7431
 328755.2167 4161454.7371
 328755.3157 4161454.7401
 328755.4148 4161454.7424
 328755.5140 4161454.7415
 328755.6130 4161454.7429
 328755.7120 4161454.7438
 328755.8111 4161454.7441
 328755.9100 4161454.7437
 328756.0091 4161454.7458
 328756.1081 4161454.7456
 328756.2064 4161454.7474
 328756.3061 4161454.7368
 328756.4058 4161454.7294
 328756.5054 4161454.7252
 328756.6052 4161454.7264
 328756.7050 4161454.7298
 328756.8048 4161454.7310
 328756.9046 4161454.7301
 328757.0046 4161454.7250
 328757.1042 4161454.7186
 328757.2039 4161454.7139
 328757.3033 4161454.7085
 328757.4032 4161454.7107
 328757.5030 4161454.7120
 328757.6027 4161454.7140
 328757.7027 4161454.7120
 328757.8026 4161454.7099
 328757.9026 4161454.7078
 328758.0030 4161454.7060
 328758.1025 4161454.7039
 328758.2020 4161454.7010
 328758.3015 4161454.6973
 328758.4011 4161454.6916
 328758.5006 4161454.6880
 328758.6001 4161454.6858
 328758.6995 4161454.6866
 328758.7991 4161454.6863
 328758.8986 4161454.6855
 328758.9982 4161454.6841
 328759.0977 4161454.6801
 328759.1974 4161454.6795
 328759.2972 4161454.6784
 328759.3970 4161454.6778
 328759.4969 4161454.6740
 328759.5968 4161454.6714
 328759.6967 4161454.6701
 328759.7970 4161454.6696
 328759.8964 4161454.6707
 328759.9959 4161454.6711
 328760.0953 4161454.6710
 328760.1947 4161454.6692
 328760.2941 4161454.6690
 328760.3935 4161454.6687
 328760.4928 4161454.6700
 328760.5922 4161454.6687
 328760.6916 4161454.6672
 328760.7909 4161454.6690
 328760.8905 4161454.6645
 328760.9900 4161454.6601
 328761.0896 4161454.6559
 328761.1890 4161454.6509
 328761.2887 4161454.6464
 328761.3884 4161454.6433
 328761.4881 4161454.6417
 328761.5878 4161454.6414
