wB7X4
 25.66  25.66
 328640.1003 4161454.1651
 328640.1032 4161454.2650
 328640.1081 4161454.3648
 328640.1126 4161454.4645
 328640.1200 4161454.5637
 328640.1295 4161454.6626
 328640.1401 4161454.7615
 328640.1529 4161454.8606
 328640.1640 4161454.9599
 328640.1729 4161455.0589
 328640.1800 4161455.1577
 328640.1856 4161455.2566
 328640.1942 4161455.3551
 328640.1922 4161455.4546
 328640.1943 4161455.5541
 328640.1995 4161455.6535
 328640.2069 4161455.7528
 328640.2193 4161455.8520
 328640.2276 4161455.9513
 328640.2334 4161456.0508
 328640.2378 4161456.1505
 328640.2415 4161456.2502
 328640.2472 4161456.3500
 328640.2509 4161456.4493
 328640.2556 4161456.5484
 328640.2610 4161456.6474
 328640.2666 4161456.7463
 328640.2665 4161456.8453
 328640.2727 4161456.9448
 328640.2805 4161457.0438
 328640.2893 4161457.1426
 328640.2991 4161457.2412
 328640.3084 4161457.3399
 328640.3249 4161457.4382
 328640.3357 4161457.5373
 328640.3426 4161457.6369
 328640.3470 4161457.7369
 328640.3520 4161457.8368
 328640.3568 4161457.9366
 328640.3628 4161458.0363
 328640.3693 4161458.1361
 328640.3758 4161458.2358
 328640.3807 4161458.3356
 328640.3833 4161458.4355
 328640.3863 4161458.5352
 328640.3895 4161458.6349
 328640.3929 4161458.7346
 328640.3956 4161458.8344
 328640.4014 4161458.9341
 328640.4048 4161459.0340
 328640.4067 4161459.1340
 328640.4078 4161459.2341
 328640.4095 4161459.3340
 328640.4119 4161459.4340
 328640.4152 4161459.5340
 328640.4194 4161459.6339
 328640.4246 4161459.7336
 328640.4307 4161459.8333
 328640.4401 4161459.9321
 328640.4477 4161460.0310
 328640.4539 4161460.1300
 328640.4590 4161460.2292
 328640.4647 4161460.3287
 328640.4697 4161460.4286
 328640.4707 4161460.5284
 328640.4692 4161460.6281
 328640.4665 4161460.7277
 328640.4639 4161460.8272
 328640.4608 4161460.9262
 328640.4629 4161461.0254
 328640.4687 4161461.1248
 328640.4763 4161461.2244
 328640.4810 4161461.3244
 328640.4841 4161461.4244
 328640.4896 4161461.5240
 328640.4965 4161461.6235
 328640.4966 4161461.7235
 328640.5146 4161461.8218
 328640.5226 4161461.9209
 328640.5235 4161462.0205
 328640.5200 4161462.1205
 328640.5171 4161462.2207
 328640.5151 4161462.3204
 328640.5148 4161462.4200
 328640.5156 4161462.5195
 328640.5172 4161462.6190
 328640.5199 4161462.7182
 328640.5188 4161462.8175
 328640.5190 4161462.9169
 328640.5196 4161463.0162
 328640.5196 4161463.1156
 328640.5158 4161463.2151
 328640.5109 4161463.3149
 328640.5048 4161463.4147
 328640.4981 4161463.5144
 328640.4899 4161463.6140
 328640.4873 4161463.7138
 328640.4836 4161463.8136
 328640.4793 4161463.9134
 328640.4734 4161464.0132
 328640.4684 4161464.1128
 328640.4650 4161464.2126
 328640.4623 4161464.3125
 328640.4547 4161464.4121
 328640.4532 4161464.5119
 328640.4504 4161464.6116
 328640.4461 4161464.7112
 328640.4402 4161464.8106
 328640.4340 4161464.9101
 328640.4237 4161465.0096
 328640.4111 4161465.1086
 328640.3978 4161465.2073
 328640.3853 4161465.3058
 328640.3756 4161465.4048
 328640.3733 4161465.5024
 328640.3729 4161465.6011
 328640.3730 4161465.7006
 328640.3722 4161465.8004
 328640.3670 4161465.9002
 328640.3587 4161465.9998
 328640.3526 4161466.0994
 328640.3486 4161466.1992
 328640.3462 4161466.2990
 328640.3452 4161466.3989
 328640.3447 4161466.4988
 328640.3438 4161466.5987
 328640.3409 4161466.6985
 328640.3360 4161466.7982
 328640.3302 4161466.8980
 328640.3235 4161466.9978
 328640.3145 4161467.0976
 328640.3047 4161467.1967
 328640.2973 4161467.2963
 328640.2912 4161467.3962
 328640.2853 4161467.4960
 328640.2823 4161467.5958
 328640.2678 4161467.6938
 328640.2541 4161467.7917
 328640.2415 4161467.8897
 328640.2304 4161467.9877
 328640.2212 4161468.0857
 328640.2152 4161468.1850
 328640.2103 4161468.2844
 328640.2060 4161468.3840
 328640.2019 4161468.4836
 328640.1976 4161468.5832
 328640.1888 4161468.6828
 328640.1829 4161468.7824
 328640.1804 4161468.8819
 328640.1799 4161468.9814
 328640.1803 4161469.0810
 328640.1821 4161469.1806
 328640.1779 4161469.2800
 328640.1701 4161469.3792
 328640.1607 4161469.4781
 328640.1597 4161469.5774
 328640.1517 4161469.6747
 328640.1474 4161469.7728
 328640.1456 4161469.8714
 328640.1452 4161469.9705
 328640.1444 4161470.0698
 328640.1428 4161470.1697
 328640.1399 4161470.2692
 328640.1359 4161470.3686
 328640.1311 4161470.4678
 328640.1327 4161470.5673
 328640.1190 4161470.6657
 328640.1102 4161470.7644
 328640.1055 4161470.8634
 328640.1041 4161470.9625
 328640.1082 4161471.0622
 328640.1119 4161471.1609
 328640.1128 4161471.2598
 328640.1110 4161471.3589
 328640.1072 4161471.4580
 328640.0987 4161471.5567
 328640.0917 4161471.6560
 328640.0850 4161471.7553
 328640.0793 4161471.8546
 328640.0756 4161471.9538
 328640.0707 4161472.0532
 328640.0831 4161472.1517
 328640.0914 4161472.2499
 328640.0965 4161472.3480
 328640.0995 4161472.4462
 328640.0978 4161472.5448
 328640.1038 4161472.6433
 328640.1075 4161472.7425
 328640.1083 4161472.8420
 328640.1058 4161472.9417
 328640.0971 4161473.0409
 328640.0873 4161473.1398
 328640.0733 4161473.2382
 328640.0576 4161473.3365
 328640.0425 4161473.4349
 328640.0308 4161473.5338
 328640.0298 4161473.6336
 328640.0279 4161473.7335
 328640.0254 4161473.8333
 328640.0231 4161473.9332
 328640.0212 4161474.0333
 328640.0182 4161474.1331
 328640.0152 4161474.2326
 328640.0128 4161474.3319
 328640.0139 4161474.4307
 328640.0187 4161474.5301
 328640.0192 4161474.6296
 328640.0180 4161474.7287
 328640.0182 4161474.8269
 328640.0264 4161474.9226
 328640.0281 4161475.0196
 328640.0246 4161475.1175
 328640.0118 4161475.2164
 328639.9972 4161475.3154
 328639.9901 4161475.4147
 328639.9881 4161475.5141
 328639.9888 4161475.6135
 328639.9905 4161475.7128
 328639.9912 4161475.8117
 328639.9838 4161475.9105
 328639.9719 4161476.0092
 328639.9525 4161476.1076
 328639.9563 4161476.2080
 328639.9541 4161476.3078
 328639.9482 4161476.4072
 328639.9481 4161476.5068
 328639.9324 4161476.6050
 328639.9265 4161476.7027
 328639.9267 4161476.8003
 328639.9220 4161476.8978
 328639.9264 4161476.9958
 328639.9234 4161477.0948
 328639.9165 4161477.1944
 328639.9078 4161477.2941
 328639.9126 4161477.3928
 328639.9111 4161477.4919
 328639.9066 4161477.5913
 328639.9047 4161477.6908
 328639.9043 4161477.7901
 328639.9086 4161477.8894
 328639.9135 4161477.9886
 328639.9128 4161478.0878
 328639.9003 4161478.1871
 328639.8918 4161478.2864
 328639.8868 4161478.3858
 328639.8840 4161478.4850
 328639.8839 4161478.5846
 328639.8838 4161478.6847
 328639.8814 4161478.7846
 328639.8853 4161478.8835
 328639.8806 4161478.9812
 328639.8711 4161479.0782
 328639.8588 4161479.1755
 328639.8565 4161479.2744
 328639.8517 4161479.3737
 328639.8447 4161479.4731
 328639.8360 4161479.5725
 328639.8259 4161479.6718
 328639.8147 4161479.7708
